[HEADER]TICK,EPISODE,BAR_POS,FISH_POS,REWARD,FORCE,Q_HOLD,EPSILON,TD_ERROR
[DATA]1,0,516.0000,508.0000,0.3261,-0.2320,0.0000,0.49997500,0.0000
[DATA]2,0,516.0000,508.0000,0.3261,-0.2324,0.0003,0.49995000,0.3261
[DATA]3,0,516.0000,508.0000,0.3261,0.0000,0.0007,0.49992500,0.3261
[DATA]4,0,516.0000,508.0000,0.3261,-0.2328,0.0007,0.49990001,0.3268
[DATA]5,0,516.0000,508.0000,0.3261,-0.2331,0.0010,0.49987501,0.3261
[DATA]6,0,516.0000,508.0000,0.3261,-0.2335,0.0013,0.49985002,0.3261
[DATA]7,0,516.0000,508.0000,0.3261,-0.2339,0.0016,0.49982503,0.3261
[DATA]8,0,516.0000,508.0000,0.3261,-0.2343,0.0020,0.49980003,0.3261
[DATA]9,0,516.0000,508.0000,0.3261,-0.2346,0.0023,0.49977504,0.3261
[DATA]10,0,516.0000,508.0000,0.3261,-0.2350,0.0026,0.49975006,0.3260
[DATA]11,0,516.0000,508.0000,0.3261,-0.2354,0.0029,0.49972507,0.3260
[DATA]12,0,516.0000,508.0000,0.3261,-0.2358,0.0033,0.49970008,0.3260
[DATA]13,0,516.0000,508.0000,0.3261,-0.2362,0.0036,0.49967510,0.3260
[DATA]14,0,516.0000,508.0000,0.3261,0.0000,0.0039,0.49965011,0.3260
[DATA]15,0,516.0000,508.0000,0.3261,0.0000,0.0039,0.49962513,0.3295
[DATA]16,0,516.0000,508.0000,0.3261,-0.2365,0.0039,0.49960015,0.3292
[DATA]17,0,516.0000,508.0000,0.3261,-0.2369,0.0042,0.49957517,0.3260
[DATA]18,0,516.0000,508.0000,0.3261,-0.2373,0.0046,0.49955019,0.3259
[DATA]19,0,516.0000,508.0000,0.3261,-0.2377,0.0049,0.49952521,0.3259
[DATA]20,0,516.0000,508.0000,0.3261,-0.2381,0.0052,0.49950024,0.3259
[DATA]21,0,512.1568,507.7205,0.6845,-0.2242,0.0059,0.49947526,0.6842
[DATA]22,0,508.2256,507.2048,0.9438,0.0000,0.0068,0.49945029,0.9435
[DATA]23,0,504.2202,506.5264,0.8584,0.0000,0.0068,0.49942532,0.8640
[DATA]24,0,500.3648,505.7011,0.6005,0.0000,0.0068,0.49940034,0.6051
[DATA]25,0,496.6594,504.7891,0.3121,-0.2405,0.0068,0.49937537,0.3162
[DATA]26,0,493.1041,503.7710,0.0328,-0.2510,0.0069,0.49935041,0.0324
[DATA]27,0,489.5582,502.6632,-0.2315,0.0000,0.0066,0.49932544,-0.2319
[DATA]28,0,486.0113,501.5014,-0.4732,-0.2707,0.0066,0.49930047,-0.4697
[DATA]29,0,482.7144,500.2988,-0.6661,0.0000,0.0060,0.49927551,-0.6665
[DATA]30,0,479.3969,499.0634,-0.8387,-0.2870,0.0060,0.49925054,-0.8354
[DATA]31,0,476.3294,497.7857,-0.9727,0.0000,0.0000,0.49922558,-0.9787
[DATA]32,0,473.2249,496.4836,-1.0961,-0.2930,0.0000,0.49920062,-1.0961
[DATA]33,0,470.3703,495.1617,-1.1933,0.0000,-0.0012,0.49917566,-1.1933
[DATA]34,0,467.4728,493.8205,-1.2863,-0.3054,-0.0012,0.49915070,-1.2862
[DATA]35,0,464.8252,492.4670,-1.3602,0.0000,-0.0026,0.49912574,-1.3601
[DATA]36,0,462.1222,491.1327,-1.4357,-0.3160,-0.0026,0.49910079,-1.4355
[DATA]37,0,459.6692,489.7910,-1.4954,0.0000,-0.0040,0.49907583,-1.4953
[DATA]38,0,457.1502,488.4692,-1.5585,-0.3253,-0.0040,0.49905088,-1.5583
[DATA]39,0,454.8812,487.1200,-1.6064,-0.3290,-0.0057,0.49902593,-1.6062
[DATA]40,0,452.5369,485.8076,-1.6596,0.0000,-0.0073,0.49900097,-1.6590
[DATA]41,0,450.1137,484.4894,-1.7161,-0.3375,-0.0073,0.49897602,-1.7158
[DATA]42,0,447.9404,483.2048,-1.7612,0.0000,-0.0091,0.49895108,-1.7607
[DATA]43,0,445.6797,481.9426,-1.8118,0.0000,-0.0091,0.49892613,-1.8114
[DATA]44,0,443.6689,480.6705,-1.8490,-0.3480,-0.0091,0.49890118,-1.8486
[DATA]45,0,441.9082,479.4283,-1.8751,0.0000,-0.0109,0.49887624,-1.8747
[DATA]46,0,440.0495,478.1813,-1.9059,-0.3525,-0.0109,0.49885129,-1.9054
[DATA]47,0,438.4407,476.9498,-1.9249,0.0000,-0.0129,0.49882635,-1.9243
[DATA]48,0,436.7295,475.7283,-1.9494,0.0000,-0.0129,0.49880141,-1.9488
[DATA]49,0,435.2682,474.5201,-1.9621,-0.3570,-0.0129,0.49877647,-1.9598
[DATA]50,0,434.0569,473.3118,-1.9623,-0.3570,-0.0148,0.49875153,-1.9617
[DATA]51,0,432.7387,472.1170,-1.9685,-0.3575,-0.0168,0.49872659,-1.9677
[DATA]52,0,431.3134,470.9279,-1.9803,0.0000,-0.0188,0.49870166,-1.9793
[DATA]53,0,428.1402,468.6321,-2.0243,0.0000,-0.0188,0.49867672,-2.0235
[DATA]54,0,426.7499,467.4949,-2.0370,-0.3630,-0.0188,0.49865179,-2.0361
[DATA]55,0,425.6096,466.3857,-2.0386,0.0000,-0.0208,0.49862685,-2.0376
[DATA]56,0,424.3563,465.2971,-2.0468,0.0000,-0.0208,0.49860192,-2.0458
[DATA]57,0,423.3530,464.2112,-2.0427,-0.3634,-0.0208,0.49857699,-2.0398
[DATA]58,0,422.5997,463.1325,-2.0264,-0.3621,-0.0228,0.49855206,-2.0253
[DATA]59,0,421.7330,462.0730,-2.0167,0.0000,-0.0249,0.49852714,-2.0156
[DATA]60,0,420.7541,461.0312,-2.0136,-0.3611,-0.0249,0.49850221,-2.0123
[DATA]61,0,420.0252,459.9903,-1.9979,-0.3599,-0.0269,0.49847729,-1.9967
[DATA]62,0,419.1852,458.9698,-1.9889,0.0000,-0.0288,0.49845236,-1.9874
[DATA]63,0,418.2354,457.9507,-1.9854,-0.3589,-0.0288,0.49842744,-1.9841
[DATA]64,0,417.5356,456.9277,-1.9692,0.0000,-0.0308,0.49840252,-1.9676
[DATA]65,0,416.7269,455.9263,-1.9595,0.0000,-0.0308,0.49837760,-1.9581
[DATA]66,0,416.1682,454.9271,-1.9374,-0.3550,-0.0308,0.49835268,-1.9359
[DATA]67,0,415.8595,453.9275,-1.9027,0.0000,-0.0327,0.49832776,-1.9011
[DATA]68,0,415.4458,452.9601,-1.8748,-0.3501,-0.0327,0.49830284,-1.8732
[DATA]69,0,415.2821,451.9974,-1.8346,0.0000,-0.0345,0.49827793,-1.8329
[DATA]70,0,415.0183,451.0407,-1.7996,-0.3441,-0.0345,0.49825302,-1.7979
[DATA]71,0,415.0045,450.0772,-1.7515,-0.3403,-0.0363,0.49822810,-1.7498
[DATA]72,0,414.8966,449.1199,-1.7083,0.0000,-0.0380,0.49820319,-1.7065
[DATA]73,0,414.6984,448.1823,-1.6705,-0.3339,-0.0380,0.49817828,-1.6687
[DATA]74,0,414.7502,447.2778,-1.6213,0.0000,-0.0396,0.49815337,-1.6194
[DATA]75,0,414.7181,446.3969,-1.5773,0.0000,-0.0396,0.49812846,-1.5754
[DATA]76,0,414.9360,445.5207,-1.5199,-0.3223,-0.0396,0.49810356,-1.5180
[DATA]77,0,415.4039,444.6677,-1.4494,0.0000,-0.0411,0.49807865,-1.4474
[DATA]78,0,415.7995,443.8196,-1.3813,-0.3121,-0.0411,0.49805375,-1.3792
[DATA]79,0,416.4450,442.8845,-1.2916,-0.3058,-0.0424,0.49802885,-1.2896
[DATA]80,0,417.0285,441.8730,-1.1966,0.0000,-0.0436,0.49800394,-1.1944
[DATA]81,0,417.5562,440.8344,-1.0973,0.0000,-0.0436,0.49797904,-1.0952
[DATA]82,0,418.3339,439.7357,-0.9688,-0.2856,-0.0436,0.49795415,-0.9667
[DATA]83,0,419.3616,438.6293,-0.8071,-0.2840,0.0050,0.49792925,-0.7588
[DATA]84,0,420.3537,437.5120,-0.6285,-0.2745,0.0044,0.49790435,-0.6287
[DATA]85,0,421.3118,436.3485,-0.4290,0.0000,0.0039,0.49787946,-0.4292
[DATA]86,0,422.2454,435.1878,-0.2143,-0.2567,0.0039,0.49785456,-0.2121
[DATA]87,0,423.4290,434.0412,0.0388,0.0000,0.0040,0.49782967,0.0386
[DATA]88,0,424.6059,432.8837,0.2960,-0.2378,0.0040,0.49780478,0.2986
[DATA]89,0,425.9327,431.7303,0.5554,-0.2283,0.0045,0.49777989,0.5552
[DATA]90,0,427.1719,430.5614,0.7747,0.0000,0.0053,0.49775500,0.7745
[DATA]91,0,428.3327,429.3857,0.9418,0.0000,0.0053,0.49773011,0.9453
[DATA]92,0,429.6436,428.2045,0.9177,-0.2112,0.0053,0.49770522,0.9203
[DATA]93,0,431.1045,427.0189,0.7156,-0.2229,0.0060,0.49768034,0.7154
[DATA]94,0,432.5041,425.8690,0.4707,0.0000,0.0065,0.49765546,0.4704
[DATA]95,0,433.8309,424.7248,0.2053,0.0000,0.0065,0.49763057,0.2080
[DATA]96,0,435.3077,423.6106,-0.0803,-0.2548,0.0065,0.49760569,-0.0778
[DATA]97,0,436.9345,422.5229,-0.3666,0.0000,0.0061,0.49758081,-0.3669
[DATA]98,0,438.4565,421.4522,-0.6146,-0.2762,0.0061,0.49755593,-0.6124
[DATA]99,0,440.1285,420.3996,-0.8436,-0.2863,0.0053,0.49753105,-0.8439
[DATA]100,0,441.6743,419.3616,-1.0327,0.0000,0.0000,0.49750618,-1.0379
[DATA]101,0,443.0838,418.3145,-1.1919,-0.2991,0.0000,0.49748130,-1.1919
[DATA]102,0,444.6433,417.2745,-1.3448,0.0000,-0.0013,0.49745643,-1.3448
[DATA]103,0,446.0537,416.2512,-1.4783,-0.3192,-0.0013,0.49743156,-1.4783
[DATA]104,0,447.6140,415.2531,-1.6127,0.0000,-0.0030,0.49740668,-1.6127
[DATA]105,0,450.2272,413.2967,-1.8454,-0.3477,-0.0030,0.49738181,-1.8453
[DATA]106,0,451.5992,411.9915,-1.9800,0.0000,-0.0049,0.49735694,-1.9798
[DATA]107,0,452.7734,410.4296,-2.1171,-0.3694,-0.0049,0.49733208,-2.1168
[DATA]108,0,454.0977,408.6014,-2.2748,0.0000,-0.0072,0.49730721,-2.2745
[DATA]109,0,455.2026,406.6109,-2.4296,-0.3944,-0.0072,0.49728234,-2.4292
[DATA]110,0,456.4575,404.4892,-2.5984,0.0000,0.0000,0.49725748,-2.5912
[DATA]111,0,457.4680,402.2484,-2.7610,-0.4209,0.0000,0.49723262,-2.7610
[DATA]112,0,458.6285,399.9242,-2.9352,0.0000,-0.0029,0.49720776,-2.9352
[DATA]113,0,459.5181,397.5896,-3.0964,-0.4477,-0.0029,0.49718290,-3.0963
[DATA]114,0,460.5578,395.2519,-3.2653,0.0000,-0.0062,0.49715804,-3.2651
[DATA]115,0,461.2997,392.9010,-3.4199,-0.4736,-0.0062,0.49713318,-3.4196
[DATA]116,0,462.2916,390.4922,-3.5900,0.0000,-0.0098,0.49710832,-3.5897
[DATA]117,0,463.0599,388.1102,-3.7475,0.0000,-0.0098,0.49708347,-3.7470
[DATA]118,0,464.0782,385.7399,-3.9169,-0.5134,-0.0098,0.49705861,-3.9132
[DATA]119,0,465.3465,383.3571,-4.0995,0.0000,-0.0139,0.49703376,-4.0990
[DATA]120,0,466.3515,381.0161,-4.2668,0.0000,-0.0139,0.49700891,-4.2630
[DATA]121,0,467.6065,378.7267,-4.4440,0.0000,-0.0139,0.49698406,-4.4360
[DATA]122,0,469.1114,376.4079,-4.6352,0.0000,-0.0139,0.49695921,-4.6227
[DATA]123,0,470.8664,374.1416,-4.8362,-0.5869,-0.0139,0.49693436,-4.8192
[DATA]124,0,472.8714,371.9262,-5.0473,-0.6038,-0.0189,0.49690951,-5.0466
[DATA]125,0,474.5395,369.7203,-5.2410,-0.6193,-0.0242,0.49688467,-5.2400
[DATA]126,0,475.8538,367.4786,-5.4188,-0.6335,-0.0296,0.49685982,-5.4175
[DATA]127,0,476.7988,365.2618,-5.5769,0.0000,-0.0352,0.49683498,-5.5754
[DATA]128,0,477.3603,363.1001,-5.7130,-0.6570,-0.0352,0.49681014,-5.7113
[DATA]129,0,478.1718,360.9325,-5.8620,0.0000,-0.0410,0.49678530,-5.8602
[DATA]130,0,478.5763,358.8192,-5.9879,-0.6790,-0.0410,0.49676046,-5.9858
[DATA]131,0,479.2308,356.7540,-6.1238,-0.6899,-0.0472,0.49673562,-6.1218
[DATA]132,0,479.4562,354.7195,-6.2368,0.0000,-0.0534,0.49671078,-6.2341
[DATA]133,0,479.2418,352.6784,-6.3282,0.0000,-0.0534,0.49668595,-6.3258
[DATA]134,0,479.2773,350.6679,-6.4305,0.0000,-0.0534,0.49666111,-6.4278
[DATA]135,0,479.5629,348.6737,-6.5445,-0.7236,-0.0534,0.49663628,-6.5356
[DATA]136,0,480.0984,346.6836,-6.6707,-0.7337,-0.0601,0.49661145,-6.6681
[DATA]137,0,480.1604,344.6923,-6.7734,0.0000,-0.0668,0.49658662,-6.7704
[DATA]138,0,479.7387,342.7504,-6.8494,-0.7480,-0.0668,0.49656179,-6.8461
[DATA]139,0,479.5670,340.8556,-6.9356,-0.7548,-0.0738,0.49653696,-6.9322
[DATA]140,0,478.8974,339.2403,-6.9829,0.0000,-0.0807,0.49651213,-6.9784
[DATA]141,0,477.7229,337.8560,-6.9933,0.0000,-0.0807,0.49648731,-6.9897
[DATA]142,0,476.7985,336.6564,-7.0071,-0.7606,-0.0807,0.49646248,-7.0031
[DATA]143,0,476.1240,335.6076,-7.0258,0.0000,-0.0878,0.49643766,-7.0218
[DATA]144,0,474.9389,334.6820,-7.0128,-0.7610,-0.0878,0.49641284,-7.0085
[DATA]145,0,474.0039,333.8562,-7.0074,0.0000,-0.0948,0.49638802,-7.0030
[DATA]146,0,472.5578,333.1134,-6.9722,0.0000,-0.0948,0.49636320,-6.9675
[DATA]147,0,471.3617,332.4491,-6.9456,0.0000,-0.0948,0.49633838,-6.9348
[DATA]148,0,470.4157,331.8467,-6.9284,-0.7543,-0.0948,0.49631356,-6.9107
[DATA]149,0,469.7196,331.2904,-6.9215,-0.7537,-0.1017,0.49628875,-6.9167
[DATA]150,0,468.3231,330.2847,-6.9019,0.0000,-0.1086,0.49626393,-6.8968
[DATA]151,0,466.8691,329.8294,-6.8520,-0.7482,-0.1086,0.49623912,-6.8404
[DATA]152,0,465.6650,329.3971,-6.8134,0.0000,-0.1154,0.49621431,-6.8080
[DATA]153,0,463.9628,328.9924,-6.7485,0.0000,-0.1154,0.49618950,-6.7366
[DATA]154,0,462.5106,328.5985,-6.6956,-0.7356,-0.1154,0.49616469,-6.6769
[DATA]155,0,461.3084,327.8681,-6.6720,-0.7338,-0.1220,0.49613988,-6.6662
[DATA]156,0,459.6205,326.8451,-6.6388,-0.7311,-0.1287,0.49611507,-6.6327
[DATA]157,0,457.4489,325.5958,-6.5927,0.0000,-0.1353,0.49609027,-6.5862
[DATA]158,0,454.7961,324.2060,-6.5295,-0.7224,-0.1353,0.49606546,-6.5228
[DATA]159,0,452.3934,322.7345,-6.4829,0.0000,-0.1417,0.49604066,-6.4762
[DATA]160,0,449.5183,321.1312,-6.4194,-0.7135,-0.1417,0.49601586,-6.4123
[DATA]161,0,446.8932,319.4505,-6.3721,0.0000,-0.1481,0.49599106,-6.3650
[DATA]162,0,443.8046,317.6773,-6.3064,-0.7045,-0.1481,0.49596626,-6.2990
[DATA]163,0,440.9659,315.8499,-6.2558,0.0000,-0.1544,0.49594146,-6.2484
[DATA]164,0,437.6728,314.0022,-6.1835,-0.6947,-0.1544,0.49591666,-6.1758
[DATA]165,0,434.6296,312.1467,-6.1241,-0.6899,-0.1605,0.49589187,-6.1164
[DATA]166,0,431.1418,310.2570,-6.0442,0.0000,-0.1665,0.49586707,-6.0361
[DATA]167,0,427.2140,308.3806,-5.9417,0.0000,-0.1665,0.49584228,-5.9337
[DATA]168,0,423.5362,306.4930,-5.8522,-0.6682,-0.1665,0.49581749,-5.8438
[DATA]169,0,420.1085,304.6457,-5.7731,0.0000,-0.1723,0.49579270,-5.7648
[DATA]170,0,416.2625,302.7993,-5.6732,0.0000,-0.1723,0.49576791,-5.6646
[DATA]171,0,412.6666,300.9782,-5.5844,-0.6468,-0.1723,0.49574312,-5.5703
[DATA]172,0,409.3207,299.1735,-5.5074,0.0000,-0.1778,0.49571833,-5.4987
[DATA]173,0,405.5779,297.3823,-5.4098,0.0000,-0.1778,0.49569354,-5.3953
[DATA]174,0,402.0852,295.6349,-5.3225,-0.6258,-0.1778,0.49566876,-5.3026
[DATA]175,0,402.0852,295.6349,-5.3225,-0.6258,-0.1831,0.49564398,-5.3136
[DATA]176,0,402.0852,295.6349,-5.3225,-0.6258,-0.1884,0.49561919,-5.3134
[DATA]177,0,402.0852,295.6349,-5.3225,0.0000,-0.1937,0.49559441,-5.3131
[DATA]178,0,402.0852,295.6349,-5.3225,0.0000,-0.1937,0.49556963,-5.3124
[DATA]179,0,402.0852,295.6349,-5.3225,-0.6258,-0.1937,0.49554486,-5.3071
[DATA]180,0,402.0852,295.6349,-5.3225,0.0000,-0.1990,0.49552008,-5.3128
[DATA]181,0,402.0852,295.6349,-5.3225,-0.6258,-0.1990,0.49549530,-5.3069
[DATA]182,0,402.0852,295.6349,-5.3225,-0.6258,-0.2043,0.49547053,-5.3126
[DATA]183,0,402.0852,295.6349,-5.3225,0.0000,-0.2096,0.49544575,-5.3123
[DATA]184,0,402.0852,295.6349,-5.3225,-0.6258,-0.2096,0.49542098,-5.3117
[DATA]185,0,402.0852,295.6349,-5.3225,0.0000,-0.2150,0.49539621,-5.3120
[DATA]186,0,402.0852,295.6349,-5.3225,-0.6258,-0.2150,0.49537144,-5.3114
[DATA]187,0,402.0852,295.6349,-5.3225,-0.6258,-0.2203,0.49534667,-5.3118
[DATA]188,0,402.0852,295.6349,-5.3225,0.0000,-0.2256,0.49532190,-5.3115
[DATA]189,0,402.0852,295.6349,-5.3225,-0.6258,-0.2256,0.49529714,-5.3115
[DATA]190,0,402.0852,295.6349,-5.3225,-0.6258,-0.2309,0.49527237,-5.3112
[DATA]191,0,402.0852,295.6349,-5.3225,0.0000,-0.2362,0.49524761,-5.3063
[DATA]192,0,402.0852,295.6349,-5.3225,0.0000,-0.2362,0.49522285,-5.3112
[DATA]193,0,402.0852,295.6349,-5.3225,-0.6258,-0.2362,0.49519809,-5.3110
[DATA]194,0,402.0852,295.6349,-5.3225,-0.6258,-0.2415,0.49517333,-5.3107
[DATA]195,0,402.0852,295.6349,-5.3225,-0.6258,-0.2468,0.49514857,-5.3058
[DATA]196,0,402.0852,295.6349,-5.3225,-0.6258,-0.2521,0.49512381,-5.3005
[DATA]197,0,402.0852,295.6349,-5.3225,0.0000,-0.2574,0.49509905,-5.2952
[DATA]198,0,402.0852,295.6349,-5.3225,-0.6258,-0.2574,0.49507430,-5.3107
[DATA]199,0,402.0852,295.6349,-5.3225,0.0000,-0.2627,0.49504955,-5.2949
[DATA]200,0,402.0852,295.6349,-5.3225,-0.6258,-0.2627,0.49502479,-5.3104
[DATA]201,0,402.0852,295.6349,-5.3225,0.0000,-0.2680,0.49500004,-5.2947
[DATA]202,0,402.0852,295.6349,-5.3225,0.0000,-0.2680,0.49497529,-5.3102
[DATA]203,0,402.0852,295.6349,-5.3225,-0.6258,-0.2680,0.49495054,-5.3099
[DATA]204,0,402.0852,295.6349,-5.3225,0.0000,-0.2733,0.49492580,-5.2994
[DATA]205,0,402.0852,295.6349,-5.3225,-0.6258,-0.2733,0.49490105,-5.3096
[DATA]206,0,402.0852,295.6349,-5.3225,0.0000,-0.2786,0.49487630,-5.2992
[DATA]207,0,402.0852,295.6349,-5.3225,0.0000,-0.2786,0.49485156,-5.3094
[DATA]208,0,402.0852,295.6349,-5.3225,0.0000,-0.2786,0.49482682,-5.3091
[DATA]209,0,402.0852,295.6349,-5.3225,-0.6258,-0.2786,0.49480208,-5.3088
[DATA]210,0,402.0852,295.6349,-5.3225,0.0000,-0.2839,0.49477734,-5.3086
[DATA]211,0,402.0852,295.6349,-5.3225,-0.6258,-0.2839,0.49475260,-5.3086
[DATA]212,0,402.0852,295.6349,-5.3225,0.0000,-0.2892,0.49472786,-5.3083
[DATA]213,0,402.0852,295.6349,-5.3225,-0.6258,-0.2892,0.49470312,-5.3083
[DATA]214,0,402.0852,295.6349,-5.3225,0.0000,-0.2945,0.49467839,-5.3081
[DATA]215,0,402.0852,295.6349,-5.3225,-0.6258,-0.2945,0.49465365,-5.3080
[DATA]216,0,402.0852,295.6349,-5.3225,-0.6258,-0.2998,0.49462892,-5.3078
[DATA]217,0,402.0852,295.6349,-5.3225,0.0000,-0.3051,0.49460419,-5.3029
[DATA]218,0,402.0852,295.6349,-5.3225,0.0000,-0.3051,0.49457946,-5.3078
[DATA]219,0,402.0852,295.6349,-5.3225,-0.6258,-0.3051,0.49455473,-5.3075
[DATA]220,0,402.0852,295.6349,-5.3225,0.0000,-0.3104,0.49453000,-5.3073
[DATA]221,0,402.0852,295.6349,-5.3225,-0.6258,-0.3104,0.49450528,-5.3072
[DATA]222,0,402.0852,295.6349,-5.3225,0.0000,-0.3158,0.49448055,-5.3070
[DATA]223,0,402.0852,295.6349,-5.3225,0.0000,-0.3158,0.49445583,-5.3070
[DATA]1,1,516.0000,508.0000,0.3261,0.0000,0.0042,0.49443110,-5.3070
[DATA]2,1,516.0000,508.0000,0.3261,-0.2369,0.0042,0.49440638,0.3272
[DATA]3,1,516.0000,508.0000,0.3261,-0.2373,0.0046,0.49438166,0.3259
[DATA]4,1,516.0000,508.0000,0.3261,-0.2377,0.0049,0.49435694,0.3259
[DATA]5,1,516.0000,508.0000,0.3261,0.0000,0.0052,0.49433223,0.3259
[DATA]6,1,516.0000,508.0000,0.3261,-0.2381,0.0052,0.49430751,0.3278
[DATA]7,1,516.0000,508.0000,0.3261,-0.2384,0.0056,0.49428279,0.3259
[DATA]8,1,516.0000,508.0000,0.3261,-0.2388,0.0059,0.49425808,0.3259
[DATA]9,1,516.0000,508.0000,0.3261,-0.2392,0.0062,0.49423337,0.3259
[DATA]10,1,516.0000,508.0000,0.3261,-0.2396,0.0065,0.49420866,0.3258
[DATA]11,1,516.0000,508.0000,0.3261,-0.2400,0.0069,0.49418394,0.3258
[DATA]12,1,516.0000,508.0000,0.3261,-0.2403,0.0072,0.49415924,0.3258
[DATA]13,1,516.0000,508.0000,0.3261,-0.2407,0.0075,0.49413453,0.3258
[DATA]14,1,516.0000,508.0000,0.3261,-0.2411,0.0078,0.49410982,0.3258
[DATA]15,1,516.0000,508.0000,0.3261,-0.2415,0.0082,0.49408512,0.3258
[DATA]16,1,516.0000,508.0000,0.3261,0.0000,0.0085,0.49406041,0.3257
[DATA]17,1,516.0000,508.0000,0.3261,-0.2418,0.0085,0.49403571,0.3306
[DATA]18,1,516.0000,508.0000,0.3261,0.0000,0.0088,0.49401101,0.3257
[DATA]19,1,516.0000,508.0000,0.3261,-0.2422,0.0088,0.49398631,0.3306
[DATA]20,1,516.0000,508.0000,0.3261,-0.2426,0.0091,0.49396161,0.3257
[DATA]21,1,512.3165,507.7140,0.6694,0.0000,0.0098,0.49393691,0.6689
[DATA]22,1,508.5403,507.2212,0.9254,-0.2153,0.0098,0.49391221,0.9304
[DATA]23,1,504.9142,506.5610,0.9042,0.0000,0.0107,0.49388752,0.9037
[DATA]24,1,501.2228,505.7436,0.6768,0.0000,0.0107,0.49386282,0.6818
[DATA]25,1,497.6813,504.8326,0.4168,-0.2408,0.0107,0.49383813,0.4211
[DATA]26,1,494.2898,503.8116,0.1594,0.0000,0.0109,0.49381344,0.1589
[DATA]27,1,490.9075,502.7051,-0.0913,-0.2606,0.0109,0.49378875,-0.0872
[DATA]28,1,487.7751,501.5461,-0.3011,-0.2686,0.0106,0.49376406,-0.3017
[DATA]29,1,484.6322,500.3446,-0.4946,-0.2761,0.0101,0.49373937,-0.4951
[DATA]30,1,481.4707,499.1151,-0.6714,-0.2833,0.0094,0.49371468,-0.6719
[DATA]31,1,478.2831,497.8659,-0.8322,-0.2902,0.0086,0.49369000,-0.8326
[DATA]32,1,475.0623,496.6208,-0.9800,-0.2862,-0.0443,0.49366531,-1.0307
[DATA]33,1,471.8012,495.3868,-1.1173,0.0000,-0.0454,0.49364063,-1.1151
[DATA]34,1,468.5038,494.1365,-1.2442,-0.3025,-0.0454,0.49361595,-1.2420
[DATA]35,1,465.4565,492.8822,-1.3480,0.0000,-0.0468,0.49359126,-1.3458
[DATA]36,1,462.3566,491.6558,-1.4513,-0.3172,-0.0468,0.49356659,-1.4490
[DATA]37,1,459.5067,490.4371,-1.5382,0.0000,-0.0483,0.49354191,-1.5358
[DATA]38,1,456.5897,489.2324,-1.6273,-0.3306,-0.0483,0.49351723,-1.6249
[DATA]39,1,453.9226,488.0415,-1.7030,0.0000,-0.0500,0.49349255,-1.7006
[DATA]40,1,451.1749,486.8371,-1.7814,-0.3426,-0.0500,0.49346788,-1.7789
[DATA]41,1,448.6773,485.6307,-1.8466,-0.3478,-0.0519,0.49344321,-1.8441
[DATA]42,1,446.0870,484.4485,-1.9174,-0.3534,-0.0538,0.49341853,-1.9136
[DATA]43,1,443.3989,483.2625,-1.9928,0.0000,-0.0558,0.49339386,-1.9871
[DATA]44,1,440.6073,482.0847,-2.0737,-0.3659,-0.0558,0.49336919,-2.0712
[DATA]45,1,438.0657,480.9107,-2.1421,0.0000,-0.0579,0.49334452,-2.1364
[DATA]46,1,435.4083,479.7313,-2.2161,0.0000,-0.0579,0.49331986,-2.2135
[DATA]47,1,433.0008,478.5810,-2.2790,0.0000,-0.0579,0.49329519,-2.2762
[DATA]48,1,430.8433,477.4586,-2.3307,-0.3865,-0.0579,0.49327053,-2.3279
[DATA]49,1,428.9359,476.3567,-2.3710,0.0000,-0.0603,0.49324586,-2.3681
[DATA]50,1,426.8919,475.2644,-2.4186,-0.3935,-0.0603,0.49322120,-2.4156
[DATA]51,1,425.0980,474.1845,-2.4543,0.0000,-0.0627,0.49319654,-2.4513
[DATA]52,1,423.1606,473.1299,-2.4985,0.0000,-0.0627,0.49317188,-2.4954
[DATA]53,1,420.0358,471.0463,-2.5505,0.0000,0.0000,0.49314722,-2.4862
[DATA]54,1,418.8484,470.0442,-2.5598,-0.4048,0.0000,0.49312256,-2.5598
[DATA]55,1,417.9110,469.0605,-2.5575,-0.4046,-0.0026,0.49309791,-2.5575
[DATA]56,1,416.8188,468.0898,-2.5636,-0.4051,-0.0051,0.49307325,-2.5634
[DATA]57,1,415.5720,467.1408,-2.5784,-0.4063,-0.0077,0.49304860,-2.5758
[DATA]58,1,414.1701,466.2000,-2.6015,0.0000,-0.0103,0.49302395,-2.5962
[DATA]59,1,412.6119,465.2434,-2.6316,-0.4105,-0.0103,0.49299930,-2.6314
[DATA]60,1,411.3038,464.2790,-2.6488,-0.4119,-0.0129,0.49297465,-2.6434
[DATA]61,1,409.8351,463.3154,-2.6740,0.0000,-0.0156,0.49295000,-2.6660
[DATA]62,1,408.2045,462.3818,-2.7089,-0.4167,-0.0156,0.49292535,-2.7086
[DATA]63,1,406.8239,461.4451,-2.7311,0.0000,-0.0183,0.49290070,-2.7230
[DATA]64,1,405.2766,460.5082,-2.7616,0.0000,-0.0183,0.49287606,-2.7612
[DATA]65,1,403.9793,459.5877,-2.7804,0.0000,-0.0183,0.49285141,-2.7799
[DATA]66,1,402.9320,458.6766,-2.7872,0.0000,-0.0183,0.49282677,-2.7866
[DATA]67,1,402.1347,457.7846,-2.7825,0.0000,-0.0183,0.49280213,-2.7817
[DATA]68,1,401.5874,456.8878,-2.7650,-0.4212,-0.0183,0.49277749,-2.7634
[DATA]69,1,401.2901,456.0038,-2.7357,0.0000,-0.0211,0.49275285,-2.7348
[DATA]70,1,400.8216,455.1178,-2.7148,-0.4172,-0.0211,0.49272821,-2.7130
[DATA]71,1,400.6031,454.2552,-2.6826,-0.4146,-0.0237,0.49270358,-2.6816
[DATA]72,1,400.2174,453.4027,-2.6593,0.0000,-0.0264,0.49267894,-2.6581
[DATA]73,1,399.6671,452.5525,-2.6443,-0.4115,-0.0264,0.49265431,-2.6430
[DATA]74,1,399.3668,451.7042,-2.6169,-0.4093,-0.0290,0.49262968,-2.6155
[DATA]75,1,398.9050,450.8707,-2.5983,-0.4079,-0.0316,0.49260504,-2.5950
[DATA]76,1,398.2838,450.0511,-2.5884,0.0000,-0.0342,0.49258041,-2.5825
[DATA]77,1,397.5048,449.2493,-2.5872,0.0000,-0.0342,0.49255579,-2.5859
[DATA]78,1,396.9757,448.4458,-2.5735,-0.4059,-0.0342,0.49253116,-2.5720
[DATA]79,1,396.6967,447.6429,-2.5473,0.0000,-0.0367,0.49250653,-2.5438
[DATA]80,1,396.2618,446.4995,-2.5119,0.0000,-0.0367,0.49248191,-2.5103
[DATA]81,1,396.0768,445.1197,-2.4521,-0.3962,-0.0627,0.49245728,-2.4769
[DATA]82,1,396.1419,443.5322,-2.3695,-0.3896,-0.0651,0.49243266,-2.3664
[DATA]83,1,396.0609,441.8137,-2.2876,0.0000,-0.0674,0.49240804,-2.2844
[DATA]84,1,395.8402,439.9274,-2.2043,-0.3763,-0.0674,0.49238342,-2.2010
[DATA]85,1,395.8696,437.9678,-2.1048,0.0000,-0.0695,0.49235880,-2.1014
[DATA]86,1,395.7726,435.9539,-2.0088,-0.3607,-0.0695,0.49233418,-2.0053
[DATA]87,1,395.9255,433.9199,-1.8990,0.0000,-0.0714,0.49230956,-1.8955
[DATA]88,1,395.9678,431.8130,-1.7906,0.0000,-0.0714,0.49228495,-1.7871
[DATA]89,1,396.2601,429.7219,-1.6694,-0.3338,-0.0714,0.49226033,-1.6643
[DATA]90,1,396.8023,427.6305,-1.5328,0.0000,-0.0729,0.49223572,-1.5292
[DATA]91,1,397.9692,423.4971,-1.2379,0.0000,-0.0729,0.49221111,-1.2327
[DATA]92,1,398.9276,421.4297,-1.0456,-0.2900,-0.0729,0.49218650,-1.0391
[DATA]93,1,400.1361,419.4035,-0.8071,-0.2875,0.0075,0.49216189,-0.7271
[DATA]94,1,401.3045,417.3588,-0.5271,-0.2735,0.0070,0.49213728,-0.5275
[DATA]95,1,402.4354,415.3554,-0.2120,-0.2602,0.0068,0.49211267,-0.2123
[DATA]96,1,403.5429,413.3927,0.1231,-0.2477,0.0069,0.49208807,0.1228
[DATA]97,1,404.5401,411.4477,0.4424,-0.2360,0.0074,0.49206346,0.4420
[DATA]98,1,405.4396,409.5324,0.7150,-0.2251,0.0081,0.49203886,0.7147
[DATA]99,1,406.2532,407.6295,0.9218,-0.2147,0.0090,0.49201426,0.9214
[DATA]100,1,406.9916,405.7014,0.9272,-0.2153,0.0099,0.49198966,0.9268
[DATA]101,1,407.6653,403.7671,0.7319,-0.2271,0.0107,0.49196506,0.7314
[DATA]102,1,408.2736,401.8230,0.4896,-0.2384,0.0111,0.49194046,0.4891
[DATA]103,1,408.8048,399.8757,0.2248,-0.2491,0.0114,0.49191586,0.2242
[DATA]104,1,409.2477,397.9163,-0.0403,-0.2592,0.0113,0.49189127,-0.0409
[DATA]105,1,409.5915,395.9954,-0.2830,0.0000,0.0110,0.49186667,-0.2835
[DATA]106,1,409.8260,394.0761,-0.4982,-0.2775,0.0110,0.49184208,-0.4939
[DATA]107,1,410.2106,392.2033,-0.7027,-0.2861,0.0103,0.49181749,-0.7033
[DATA]108,1,410.4676,390.3854,-0.8710,-0.2803,-0.0098,0.49179290,-0.8899
[DATA]109,1,410.5885,388.6086,-1.0097,-0.2879,-0.0108,0.49176831,-1.0085
[DATA]110,1,410.5791,386.8178,-1.1286,-0.2950,-0.0119,0.49174372,-1.1264
[DATA]111,1,410.4318,385.0702,-1.2280,0.0000,-0.0132,0.49171913,-1.2246
[DATA]112,1,410.1395,383.3435,-1.3122,0.0000,-0.0132,0.49169454,-1.3118
[DATA]113,1,409.9971,381.6141,-1.4013,0.0000,-0.0132,0.49166996,-1.4008
[DATA]114,1,410.0047,379.8741,-1.4959,-0.3205,-0.0132,0.49164538,-1.4953
[DATA]115,1,410.1624,378.1297,-1.5957,0.0000,-0.0148,0.49162079,-1.5951
[DATA]116,1,410.1495,376.3987,-1.6842,0.0000,-0.0148,0.49159621,-1.6835
[DATA]117,1,410.2866,374.7268,-1.7762,-0.3422,-0.0148,0.49157163,-1.7753
[DATA]118,1,410.5737,373.1115,-1.8722,-0.3498,-0.0166,0.49154705,-1.8715
[DATA]119,1,410.6686,371.5205,-1.9569,-0.3566,-0.0186,0.49152248,-1.9561
[DATA]120,1,410.5636,369.9424,-2.0308,0.0000,-0.0206,0.49149790,-2.0281
[DATA]121,1,410.2521,368.3712,-2.0939,0.0000,-0.0206,0.49147333,-2.0931
[DATA]122,1,410.0905,366.8195,-2.1635,-0.3731,-0.0206,0.49144875,-2.1625
[DATA]123,1,410.0790,365.2540,-2.2412,0.0000,-0.0229,0.49142418,-2.2402
[DATA]124,1,409.8443,363.7106,-2.3067,0.0000,-0.0229,0.49139961,-2.3056
[DATA]125,1,409.7596,362.1948,-2.3782,-0.3903,-0.0229,0.49137504,-2.3767
[DATA]126,1,409.8250,360.7103,-2.4557,-0.3965,-0.0253,0.49135047,-2.4546
[DATA]127,1,409.6501,359.2600,-2.5195,-0.4016,-0.3158,0.49132590,-2.7942
[DATA]128,1,409.2287,357.8343,-2.5697,0.0000,-0.3183,0.49130134,-2.5539
[DATA]129,1,408.5558,356.3922,-2.6082,0.0000,-0.3183,0.49127677,-2.5924
[DATA]130,1,408.0329,354.9644,-2.6534,-0.4123,-0.3183,0.49125221,-2.6373
[DATA]131,1,407.6600,353.5794,-2.7040,-0.4163,-0.3210,0.49122765,-2.6881
[DATA]132,1,407.0248,352.2264,-2.7399,0.0000,-0.3237,0.49120308,-2.7239
[DATA]133,1,406.1233,350.8600,-2.7632,-0.4211,-0.3237,0.49117852,-2.7471
[DATA]134,1,405.3717,349.5324,-2.7920,0.0000,-0.3265,0.49115396,-2.7758
[DATA]135,1,404.3492,348.2339,-2.8058,-0.4245,-0.3265,0.49112941,-2.7896
[DATA]136,1,403.4766,346.9338,-2.8271,0.0000,-0.3293,0.49110485,-2.8108
[DATA]137,1,402.3295,345.6228,-2.8353,-0.4268,-0.3293,0.49108030,-2.8190
[DATA]138,1,401.3325,344.3527,-2.8490,0.0000,-0.3321,0.49105574,-2.8325
[DATA]139,1,400.0586,343.1086,-2.8475,-0.4278,-0.3321,0.49103119,-2.8310
[DATA]140,1,398.9348,341.8831,-2.8526,0.0000,-0.3350,0.49100664,-2.8360
[DATA]141,1,397.5331,340.6700,-2.8432,-0.4275,-0.3350,0.49098209,-2.8265
[DATA]142,1,396.2814,339.4408,-2.8420,0.0000,-0.3378,0.49095754,-2.8253
[DATA]143,1,394.7523,338.2197,-2.8266,-0.4261,-0.3378,0.49093299,-2.8099
[DATA]144,1,392.1440,335.8038,-2.8170,0.0000,-0.3406,0.49090844,-2.8001
[DATA]145,1,390.6388,334.6440,-2.7997,-0.4240,-0.3406,0.49088390,-2.7828
[DATA]146,1,390.6388,334.6440,-2.7997,-0.4240,-0.3434,0.49085935,-2.7827
[DATA]147,1,387.6543,332.3244,-2.7665,0.0000,-0.3461,0.49083481,-2.7468
[DATA]148,1,385.7511,331.1897,-2.7281,0.0000,-0.3461,0.49081027,-2.7110
[DATA]149,1,383.9979,330.0920,-2.6953,0.0000,-0.3461,0.49078573,-2.6781
[DATA]150,1,382.3947,329.0003,-2.6697,0.0000,-0.3461,0.49076119,-2.6524
[DATA]151,1,380.9415,327.9160,-2.6513,-0.4121,-0.3461,0.49073665,-2.6313
[DATA]152,1,379.6383,326.8244,-2.6407,-0.4113,-0.3488,0.49071211,-2.6234
[DATA]153,1,378.0730,325.7605,-2.6156,0.0000,-0.3513,0.49068758,-2.5982
[DATA]154,1,376.2464,324.6907,-2.5778,-0.4062,-0.3513,0.49066304,-2.5602
[DATA]155,1,374.5698,323.6525,-2.5459,0.0000,-0.3539,0.49063851,-2.5283
[DATA]156,1,372.6370,322.6112,-2.5013,-0.4001,-0.3539,0.49061398,-2.4835
[DATA]157,1,370.8543,321.5722,-2.4641,-0.3971,-0.0281,0.49058945,-2.1346
[DATA]158,1,368.8214,320.5448,-2.4138,0.0000,-0.0305,0.49056492,-2.4101
[DATA]159,1,366.5414,319.5456,-2.3498,0.0000,-0.0305,0.49054039,-2.3485
[DATA]160,1,364.4114,318.5728,-2.2919,0.0000,-0.0305,0.49051586,-2.2905
[DATA]161,1,362.4313,317.6157,-2.2407,-0.3793,-0.0305,0.49049134,-2.2392
[DATA]162,1,360.6013,316.6733,-2.1963,0.0000,-0.0327,0.49046681,-2.1948
[DATA]163,1,358.5420,315.7588,-2.1391,-0.3711,-0.0327,0.49044229,-2.1374
[DATA]164,1,356.6327,314.8487,-2.0890,-0.3671,-0.0348,0.49041777,-2.0874
[DATA]165,1,354.5023,313.9587,-2.0269,0.0000,-0.0368,0.49039325,-2.0251
[DATA]166,1,352.1548,313.0703,-1.9537,-0.3563,-0.0368,0.49036873,-1.9520
[DATA]167,1,349.9572,312.1891,-1.8876,-0.3511,-0.0387,0.49034421,-1.8856
[DATA]168,1,347.5533,311.3175,-1.8104,0.0000,-0.0405,0.49031969,-1.8065
[DATA]169,1,344.9484,310.4457,-1.7225,0.0000,-0.0405,0.49029518,-1.7207
[DATA]170,1,342.4934,309.5697,-1.6418,0.0000,-0.0405,0.49027066,-1.6398
[DATA]171,1,340.1885,308.7227,-1.5662,-0.3259,-0.0405,0.49024615,-1.5642
[DATA]172,1,338.0335,307.8861,-1.4967,-0.3206,-0.0420,0.49022163,-1.4947
[DATA]173,1,335.7027,307.0739,-1.4148,0.0000,-0.0434,0.49019712,-1.4123
[DATA]174,1,333.2013,306.2756,-1.3196,0.0000,-0.0434,0.49017261,-1.3176
[DATA]175,1,330.8499,305.4799,-1.2285,-0.3015,-0.0434,0.49014811,-1.2263
[DATA]176,1,328.6485,304.6747,-1.1422,0.0000,-0.0446,0.49012360,-1.1400
[DATA]177,1,326.2956,303.8929,-1.0388,0.0000,-0.0446,0.49009909,-1.0366
[DATA]178,1,324.0927,303.1191,-0.9378,-0.2839,-0.0446,0.49007459,-0.9350
[DATA]179,1,322.0398,302.3553,-0.8401,-0.2919,0.0094,0.49005008,-0.7866
[DATA]180,1,319.8530,301.5994,-0.7237,0.0000,0.0087,0.49002558,-0.7241
[DATA]181,1,317.5243,300.8632,-0.5835,-0.2783,0.0087,0.49000108,-0.5809
[DATA]182,1,315.3456,300.1313,-0.4464,-0.2717,0.0083,0.48997658,-0.4468
[DATA]183,1,313.0386,299.4131,-0.2860,0.0000,0.0080,0.48995208,-0.2865
[DATA]184,1,308.3182,298.0041,0.0718,-0.2509,0.0080,0.48992758,0.0743
[DATA]185,1,306.1829,297.3143,0.2314,0.0000,0.0082,0.48990309,0.2310
[DATA]186,1,303.9468,296.6227,0.3985,-0.2387,0.0082,0.48987859,0.4012
[DATA]187,1,301.8606,295.9481,0.5440,0.0000,0.0088,0.48985410,0.5436
[DATA]188,1,299.6858,295.2701,0.6863,0.0000,0.0088,0.48982960,0.6891
[DATA]189,1,297.6609,294.6081,0.8018,-0.2215,0.0088,0.48980511,0.8039
[DATA]190,1,295.7860,293.9575,0.8920,-0.2173,0.0097,0.48978062,0.8916
[DATA]191,1,293.8397,293.3137,0.9723,-0.2128,0.0106,0.48975613,0.9718
[DATA]192,1,291.8260,292.6766,0.9539,-0.2152,0.0116,0.48973165,0.9533
[DATA]193,1,289.7494,292.0409,0.8595,-0.2222,0.0124,0.48970716,0.8589
[DATA]194,1,287.6077,291.4076,0.7404,-0.2294,0.0132,0.48968267,0.7397
[DATA]195,1,285.3938,290.7719,0.5964,-0.2368,0.0138,0.48965819,0.5958
[DATA]196,1,283.1005,290.1402,0.4285,-0.2444,0.0142,0.48963371,0.4279
[DATA]197,1,280.7205,289.5145,0.2396,-0.2522,0.0144,0.48960923,0.2389
[DATA]198,1,278.3460,288.8847,0.0470,-0.2597,0.0145,0.48958474,0.0462
[DATA]199,1,275.9694,288.2648,-0.1452,-0.2671,0.0143,0.48956027,-0.1459
[DATA]200,1,273.5832,287.6635,-0.3329,0.0000,0.0140,0.48953579,-0.3336
[DATA]201,1,271.1798,287.0805,-0.5126,-0.2821,0.0140,0.48951131,-0.5063
[DATA]202,1,269.0265,286.4953,-0.6560,-0.2879,0.0134,0.48948684,-0.6567
[DATA]203,1,266.8411,285.9098,-0.7911,0.0000,0.0126,0.48946236,-0.7918
[DATA]204,1,264.6178,285.3307,-0.9186,-0.2829,-0.0736,0.48943789,-0.9951
[DATA]205,1,262.6445,284.7616,-1.0192,-0.2885,-0.0746,0.48941342,-1.0155
[DATA]206,1,260.6384,284.1874,-1.1150,-0.2942,-0.0757,0.48938895,-1.1112
[DATA]207,1,258.5938,283.6134,-1.2073,0.0000,-0.0769,0.48936448,-1.2035
[DATA]208,1,256.5049,283.0555,-1.2981,-0.3062,-0.0769,0.48934001,-1.2942
[DATA]209,1,254.6661,282.5072,-1.3713,0.0000,-0.0783,0.48931554,-1.3675
[DATA]210,1,252.7711,281.9567,-1.4451,-0.3167,-0.0783,0.48929107,-1.4412
[DATA]211,1,251.1261,281.4134,-1.5042,0.0000,-0.0798,0.48926661,-1.5003
[DATA]212,1,249.4143,280.8856,-1.5665,-0.3259,-0.0798,0.48924215,-1.5625
[DATA]213,1,247.9526,280.3555,-1.6149,-0.3296,-0.0814,0.48921768,-1.6109
[DATA]214,1,246.4149,279.8376,-1.6674,-0.3337,-0.0831,0.48919322,-1.6630
[DATA]215,1,244.7977,279.3372,-1.7244,0.0000,-0.0848,0.48916876,-1.7184
[DATA]216,1,243.0967,278.8410,-1.7855,-0.3430,-0.0848,0.48914431,-1.7815
[DATA]217,1,241.6458,278.3495,-1.8340,0.0000,-0.0866,0.48911985,-1.8279
[DATA]218,1,240.1019,277.8582,-1.8870,-0.3510,-0.0866,0.48909539,-1.8829
[DATA]219,1,238.8080,277.3672,-1.9274,0.0000,-0.0886,0.48907094,-1.9213
[DATA]220,1,237.4130,276.8821,-1.9730,-0.3579,-0.0886,0.48904648,-1.9688
[DATA]221,1,236.2681,276.4048,-2.0065,0.0000,-0.0906,0.48902203,-2.0003
[DATA]222,1,235.0153,275.9285,-2.0454,0.0000,-0.0906,0.48899758,-2.0411
[DATA]223,1,234.0124,275.4692,-2.0727,-0.3658,-0.0906,0.48897313,-2.0682
[DATA]224,1,233.2596,275.0083,-2.0873,0.0000,-0.0926,0.48894868,-2.0827
[DATA]225,1,232.3910,274.5625,-2.1084,-0.3687,-0.0926,0.48892423,-2.1039
[DATA]226,1,231.7723,274.1263,-2.1176,-0.3694,-0.0947,0.48889979,-2.1129
[DATA]227,1,231.0350,273.7005,-2.1332,0.0000,-0.0969,0.48887534,-2.1267
[DATA]228,1,230.1782,273.2795,-2.1550,0.0000,-0.0969,0.48885090,-2.1503
[DATA]229,1,229.5715,272.8569,-2.1642,-0.3731,-0.0969,0.48882646,-2.1594
[DATA]230,1,229.2147,272.4428,-2.1613,0.0000,-0.0990,0.48880202,-2.1565
[DATA]231,1,228.7348,272.0256,-2.1645,-0.3732,-0.0990,0.48877758,-2.1596
[DATA]232,1,228.5049,271.6153,-2.1554,0.0000,-0.1012,0.48875314,-2.1505
[DATA]233,1,228.1519,271.2146,-2.1530,-0.3723,-0.1012,0.48872870,-2.1481
[DATA]234,1,228.0488,270.8184,-2.1384,-0.3711,-0.1033,0.48870426,-2.1333
[DATA]235,1,227.8235,270.4276,-2.1301,0.0000,-0.1054,0.48867983,-2.1232
[DATA]236,1,227.4771,270.0376,-2.1279,0.0000,-0.1054,0.48865539,-2.1228
[DATA]237,1,227.5343,269.2897,-2.0876,-0.3670,-0.1054,0.48863096,-2.0824
[DATA]238,1,227.9380,268.9292,-2.0493,0.0000,-0.1075,0.48860653,-2.0441
[DATA]239,1,228.2245,268.5634,-2.0166,0.0000,-0.1075,0.48858210,-2.0114
[DATA]240,1,228.7611,268.2018,-1.9716,-0.3578,-0.1075,0.48855767,-1.9660
[DATA]241,1,229.5477,267.8451,-1.9142,-0.3532,-0.1094,0.48853324,-1.9088
[DATA]242,1,230.2266,267.4972,-1.8626,-0.3491,-0.1112,0.48850882,-1.8571
[DATA]243,1,230.8022,267.1507,-1.8161,-0.3454,-0.1131,0.48848439,-1.8091
[DATA]244,1,231.2788,266.8005,-1.7743,0.0000,-0.1148,0.48845997,-1.7655
[DATA]245,1,231.6599,266.4593,-1.7376,-0.3392,-0.1148,0.48843554,-1.7321
[DATA]246,1,232.2911,266.1140,-1.6879,0.0000,-0.1165,0.48841112,-1.6789
[DATA]247,1,232.8330,265.7714,-1.6425,0.0000,-0.1165,0.48838670,-1.6369
[DATA]248,1,233.6250,265.4344,-1.5841,0.0000,-0.1165,0.48836228,-1.5785
[DATA]249,1,234.6670,265.0976,-1.5118,0.0000,-0.1165,0.48833786,-1.5060
[DATA]250,1,235.9589,264.7662,-1.4246,0.0000,-0.1165,0.48831345,-1.4188
[DATA]251,1,237.5009,264.4411,-1.3205,0.0000,-0.1165,0.48828903,-1.3135
[DATA]252,1,239.2929,264.1242,-1.1957,-0.2993,-0.1165,0.48826462,-1.1875
[DATA]253,1,241.3348,263.8081,-1.0436,-0.2899,-0.1175,0.48824020,-1.0378
[DATA]254,1,243.3275,263.4980,-0.8777,0.0000,-0.1184,0.48821579,-0.8719
[DATA]255,1,245.2802,263.1873,-0.6941,-0.2887,0.0126,0.48819138,-0.5621
[DATA]256,1,247.4830,262.8789,-0.4641,-0.2774,0.0121,0.48816697,-0.4647
[DATA]257,1,249.6470,262.5738,-0.2127,-0.2667,0.0119,0.48814256,-0.2133
[DATA]258,1,251.7837,262.2721,0.0525,0.0000,0.0119,0.48811815,0.0519
[DATA]259,1,253.9037,261.9710,0.3189,-0.2461,0.0119,0.48809375,0.3246
[DATA]260,1,256.1737,261.6682,0.5852,-0.2359,0.0125,0.48806934,0.5846
[DATA]261,1,258.3475,261.3755,0.8038,-0.2262,0.0133,0.48804494,0.8032
[DATA]262,1,260.4355,261.0876,0.9653,-0.2171,0.0143,0.48802054,0.9646
[DATA]263,1,262.4472,260.8090,0.9048,-0.2222,0.0152,0.48799614,0.9040
[DATA]264,1,264.3919,260.5348,0.7355,-0.2326,0.0159,0.48797174,0.7347
[DATA]265,1,266.2643,260.2629,0.5351,-0.2424,0.0165,0.48794734,0.5343
[DATA]266,1,268.0541,259.9942,0.3197,-0.2517,0.0168,0.48792294,0.3188
[DATA]267,1,269.7515,259.7296,0.1041,-0.2604,0.0169,0.48789855,0.1033
[DATA]268,1,271.3472,259.4623,-0.1008,-0.2683,0.0168,0.48787415,-0.1016
[DATA]269,1,272.8325,259.2011,-0.2866,0.0000,0.0165,0.48784976,-0.2875
[DATA]270,1,274.1995,258.9458,-0.4503,-0.2825,0.0165,0.48782536,-0.4405
[DATA]271,1,275.7165,258.6916,-0.6165,-0.2894,0.0159,0.48780097,-0.6173
[DATA]272,1,277.1010,258.4345,-0.7582,-0.2954,0.0151,0.48777658,-0.7590
[DATA]273,1,278.3460,258.1810,-0.8773,0.0000,-0.0453,0.48775219,-0.9355
[DATA]274,1,279.4457,257.9264,-0.9772,-0.2861,-0.0453,0.48772781,-0.9742
[DATA]275,1,280.6954,257.6728,-1.0805,-0.2921,-0.0464,0.48770342,-1.0782
[DATA]276,1,281.8089,257.4228,-1.1682,0.0000,-0.0476,0.48767904,-1.1659
[DATA]277,1,282.7804,257.1811,-1.2422,-0.3024,-0.0476,0.48765465,-1.2399
[DATA]278,1,283.9019,256.9448,-1.3214,0.0000,-0.0489,0.48763027,-1.3190
[DATA]279,1,284.8710,256.7069,-1.3893,-0.3127,-0.0489,0.48760589,-1.3868
[DATA]280,1,286.9465,256.2523,-1.5257,0.0000,-0.0504,0.48758151,-1.5233
[DATA]281,1,287.7403,256.0324,-1.5788,-0.3268,-0.0504,0.48755713,-1.5764
[DATA]282,1,288.6840,255.8168,-1.6389,0.0000,-0.0521,0.48753275,-1.6363
[DATA]283,1,289.4510,255.6005,-1.6893,0.0000,-0.0521,0.48750837,-1.6867
[DATA]284,1,290.3679,255.3899,-1.7467,-0.3399,-0.0521,0.48748400,-1.7432
[DATA]285,1,291.4348,255.1827,-1.8112,-0.3450,-0.0539,0.48745962,-1.8086
[DATA]286,1,292.3119,254.9761,-1.8658,0.0000,-0.0557,0.48743525,-1.8632
[DATA]287,1,292.9939,254.7726,-1.9104,-0.3529,-0.0557,0.48741088,-1.9077
[DATA]288,1,293.8259,254.5727,-1.9622,0.0000,-0.0577,0.48738651,-1.9594
[DATA]289,1,294.4551,254.3719,-2.0038,-0.3603,-0.0577,0.48736214,-2.0010
[DATA]290,1,295.2342,254.1752,-2.0527,-0.3642,-0.0597,0.48733777,-2.0498
[DATA]291,1,295.8030,253.9804,-2.0910,0.0000,-0.0618,0.48731340,-2.0869
[DATA]292,1,296.1576,253.7846,-2.1185,0.0000,-0.0618,0.48728904,-2.1156
[DATA]293,1,296.6621,253.5938,-2.1533,-0.3723,-0.0618,0.48726467,-2.1503
[DATA]294,1,297.3167,253.4059,-2.1955,0.0000,-0.0640,0.48724031,-2.1924
[DATA]295,1,297.7490,253.2150,-2.2266,-0.3781,-0.0640,0.48721595,-2.2235
[DATA]296,1,298.3313,253.0296,-2.2650,0.0000,-0.0663,0.48719159,-2.2618
[DATA]297,1,298.6854,252.8457,-2.2920,-0.3834,-0.0663,0.48716723,-2.2887
[DATA]298,1,299.1896,252.6670,-2.3261,0.0000,-0.0686,0.48714287,-2.3228
[DATA]299,1,299.4604,252.4927,-2.3484,0.0000,-0.0686,0.48711851,-2.3450
[DATA]300,1,299.8812,252.3200,-2.3780,-0.3902,-0.0686,0.48709416,-2.3735
[DATA]301,1,300.4520,252.1467,-2.4153,-0.3932,-0.0710,0.48706980,-2.4118
[DATA]302,1,300.7825,251.9769,-2.4403,0.0000,-0.0735,0.48704545,-2.4367
[DATA]303,1,300.8698,251.8055,-2.4532,0.0000,-0.0735,0.48702110,-2.4496
[DATA]304,1,301.1072,251.6385,-2.4734,-0.3979,-0.0735,0.48699675,-2.4687
[DATA]305,1,301.4945,251.4717,-2.5011,-0.4001,-0.3560,0.48697240,-2.7659
[DATA]306,1,301.6340,251.3094,-2.5162,-0.4013,-0.3585,0.48694805,-2.4984
[DATA]307,1,301.5233,251.1478,-2.5188,0.0000,-0.3610,0.48692370,-2.4989
[DATA]308,1,301.1614,250.9841,-2.5089,0.0000,-0.3610,0.48689935,-2.4910
[DATA]309,1,300.9495,250.8225,-2.5063,-0.4005,-0.3610,0.48687501,-2.4884
[DATA]310,1,300.8875,250.6654,-2.5111,0.0000,-0.3635,0.48685066,-2.4931
[DATA]311,1,300.5751,250.5065,-2.5034,0.0000,-0.3635,0.48682632,-2.4854
[DATA]312,1,300.4126,250.3494,-2.5032,-0.4003,-0.3635,0.48680198,-2.4846
[DATA]313,1,300.4002,250.1963,-2.5102,-0.4008,-0.3660,0.48677764,-2.4920
[DATA]314,1,300.1375,250.0465,-2.5045,0.0000,-0.3685,0.48675330,-2.4862
[DATA]315,1,299.6240,249.9004,-2.4862,-0.3989,-0.0762,0.48672896,-2.1922
[DATA]316,1,298.6481,249.6063,-2.4521,0.0000,-0.0787,0.48670463,-2.4483
[DATA]317,1,297.7868,249.4599,-2.4163,0.0000,-0.0787,0.48668029,-2.4125
[DATA]318,1,297.0755,249.3128,-2.3881,0.0000,-0.0787,0.48665596,-2.3834
[DATA]319,1,296.5142,249.1677,-2.3673,-0.3894,-0.0787,0.48663163,-2.3603
[DATA]320,1,296.1029,249.0263,-2.3538,-0.3883,-0.0810,0.48660729,-2.3499
[DATA]321,1,295.4522,248.8854,-2.3283,-0.3863,-0.0833,0.48658296,-2.3243
[DATA]322,1,294.5632,248.7464,-2.2908,0.0000,-0.0856,0.48655863,-2.2866
[DATA]323,1,293.4380,248.6077,-2.2415,-0.3793,-0.0856,0.48653431,-2.2373
[DATA]324,1,292.4627,248.4692,-2.1996,0.0000,-0.0878,0.48650998,-2.1953
[DATA]325,1,291.2581,248.3309,-2.1463,0.0000,-0.0878,0.48648565,-2.1419
[DATA]326,1,290.2036,248.1934,-2.1004,0.0000,-0.0878,0.48646133,-2.0953
[DATA]327,1,289.2990,248.0612,-2.0617,0.0000,-0.0878,0.48643701,-2.0545
[DATA]328,1,288.5444,247.9335,-2.0303,0.0000,-0.0878,0.48641268,-2.0210
[DATA]329,1,287.9398,247.8094,-2.0062,0.0000,-0.0878,0.48638836,-1.9949
[DATA]330,1,287.4852,247.6871,-1.9895,-0.3592,-0.0878,0.48636404,-1.9763
[DATA]331,1,287.1807,247.5680,-1.9802,-0.3585,-0.0898,0.48633973,-1.9759
[DATA]332,1,286.6669,247.4486,-1.9605,-0.3569,-0.0918,0.48631541,-1.9560
[DATA]333,1,285.9447,247.3315,-1.9301,0.0000,-0.0937,0.48629109,-1.9255
[DATA]334,1,285.0156,247.2150,-1.8892,-0.3512,-0.0937,0.48626678,-1.8796
[DATA]335,1,284.2365,247.0988,-1.8559,-0.3486,-0.0955,0.48624247,-1.8512
[DATA]336,1,283.2562,246.9856,-1.8121,-0.3451,-0.0973,0.48621815,-1.8074
[DATA]337,1,282.0773,246.8738,-1.7581,-0.3408,-0.0991,0.48619384,-1.7533
[DATA]338,1,280.7034,246.7618,-1.6939,-0.3358,-0.1008,0.48616953,-1.6890
[DATA]339,1,279.1386,246.8332,-1.6099,0.0000,-0.1024,0.48614522,-1.6046
[DATA]340,1,277.3881,247.0349,-1.5077,0.0000,-0.1024,0.48612092,-1.5026
[DATA]341,1,275.7876,247.3527,-1.4042,0.0000,-0.1024,0.48609661,-1.3991
[DATA]342,1,274.3371,247.7519,-1.3001,-0.3063,-0.1024,0.48607231,-1.2939
[DATA]343,1,273.0366,248.2076,-1.1956,-0.2993,-0.1036,0.48604800,-1.1905
[DATA]344,1,271.5797,248.7296,-1.0690,0.0000,-0.1046,0.48602370,-1.0638
[DATA]345,1,269.9736,249.2995,-0.9157,-0.2827,-0.1046,0.48599940,-0.9104
[DATA]346,1,268.5174,249.8944,-0.7546,-0.2940,0.0142,0.48597510,-0.6365
[DATA]347,1,266.9285,250.4966,-0.5624,-0.2838,0.0136,0.48595080,-0.5631
[DATA]348,1,265.1957,251.1062,-0.3339,-0.2734,0.0133,0.48592650,-0.3345
[DATA]349,1,263.3291,251.7163,-0.0711,0.0000,0.0132,0.48590221,-0.0718
[DATA]350,1,261.3390,252.3270,0.2157,-0.2516,0.0132,0.48587791,0.2227
[DATA]351,1,259.4990,252.9478,0.4793,-0.2417,0.0137,0.48585362,0.4786
[DATA]352,1,257.5573,253.5882,0.7258,-0.2314,0.0144,0.48582933,0.7251
[DATA]353,1,255.5240,254.2168,0.9261,-0.2210,0.0153,0.48580503,0.9254
[DATA]354,1,253.4092,254.8347,0.9186,0.0000,0.0163,0.48578074,0.9178
[DATA]355,1,251.2234,255.4502,0.7032,0.0000,0.0163,0.48575645,0.7130
[DATA]356,1,249.1876,256.0736,0.4446,-0.2460,0.0163,0.48573217,0.4537
[DATA]357,1,247.3019,256.6837,0.1749,0.0000,0.0164,0.48570788,0.1741
[DATA]358,1,245.4200,257.2955,-0.0997,-0.2678,0.0164,0.48568359,-0.0910
[DATA]359,1,243.7882,257.9008,-0.3362,-0.2771,0.0161,0.48565931,-0.3370
[DATA]360,1,242.1386,258.5061,-0.5564,-0.2861,0.0155,0.48563503,-0.5572
[DATA]361,1,240.4618,259.1114,-0.7568,-0.2949,0.0148,0.48561075,-0.7576
[DATA]362,1,238.7490,259.7019,-0.9363,0.0000,-0.1184,0.48558647,-1.0636
[DATA]363,1,235.4835,260.8506,-1.2283,-0.3015,-0.1184,0.48556219,-1.2201
[DATA]364,1,234.2258,261.4261,-1.3353,0.0000,-0.1197,0.48553791,-1.3294
[DATA]365,1,232.9166,262.0021,-1.4397,-0.3163,-0.1197,0.48551363,-1.4316
[DATA]366,1,231.8573,262.5772,-1.5271,-0.3229,-0.1213,0.48548936,-1.5211
[DATA]367,1,230.7318,263.1418,-1.6153,-0.3296,-0.1229,0.48546508,-1.6092
[DATA]368,1,229.5334,263.6905,-1.7049,-0.3366,-0.1246,0.48544081,-1.6988
[DATA]369,1,228.2553,264.2315,-1.7973,-0.3439,-0.1264,0.48541654,-1.7898
[DATA]370,1,226.8906,264.7653,-1.8930,0.0000,-0.1282,0.48539226,-1.8838
[DATA]371,1,225.4320,265.2870,-1.9924,0.0000,-0.1282,0.48536800,-1.9862
[DATA]372,1,224.2234,265.8162,-2.0795,0.0000,-0.1282,0.48534373,-2.0732
[DATA]373,1,223.2648,266.3415,-2.1537,0.0000,-0.1282,0.48531946,-2.1474
[DATA]374,1,222.5562,266.8592,-2.2151,-0.3772,-0.1282,0.48529519,-2.2074
[DATA]375,1,222.0976,267.3827,-2.2642,-0.3811,-0.1305,0.48527093,-2.2578
[DATA]376,1,221.5118,267.8957,-2.3192,0.0000,-0.1328,0.48524667,-2.3127
[DATA]377,1,220.7948,268.2081,-2.3707,-0.3897,-0.1328,0.48522240,-2.3641
[DATA]378,1,220.3279,268.3564,-2.4014,0.0000,-0.1352,0.48519814,-2.3948
[DATA]379,1,219.7212,268.3718,-2.4325,-0.3946,-0.1352,0.48517388,-2.4258
[DATA]380,1,219.3646,268.2799,-2.4458,0.0000,-0.1376,0.48514962,-2.4390
[DATA]381,1,218.8634,268.0975,-2.4617,-0.3969,-0.1376,0.48512537,-2.4549
[DATA]382,1,218.6122,267.8501,-2.4619,0.0000,-0.1401,0.48510111,-2.4550
[DATA]383,1,218.2141,267.5350,-2.4660,-0.3973,-0.1401,0.48507685,-2.4591
[DATA]384,1,218.0659,267.1793,-2.4557,-0.3965,-0.1426,0.48505260,-2.4487
[DATA]385,1,217.7705,266.7806,-2.4505,0.0000,-0.1450,0.48502835,-2.4423
[DATA]386,1,217.3286,266.3526,-2.4512,0.0000,-0.1450,0.48500410,-2.4441
[DATA]387,1,217.1368,265.8980,-2.4381,0.0000,-0.1450,0.48497985,-2.4309
[DATA]388,1,217.1949,265.4376,-2.4121,-0.3930,-0.1450,0.48495560,-2.4036
[DATA]389,1,217.5030,264.9566,-2.3727,-0.3898,-0.1474,0.48493135,-2.3654
[DATA]390,1,217.6681,264.4760,-2.3404,0.0000,-0.1497,0.48490710,-2.3330
[DATA]391,1,217.6935,263.9957,-2.3151,-0.3852,-0.1497,0.48488286,-2.3077
[DATA]392,1,217.9688,263.5101,-2.2770,0.0000,-0.1520,0.48485861,-2.2695
[DATA]393,1,218.1089,263.0327,-2.2461,-0.3797,-0.1520,0.48483437,-2.2386
[DATA]394,1,218.4990,262.5539,-2.2027,0.0000,-0.1542,0.48481013,-2.1951
[DATA]395,1,218.7595,262.0750,-2.1657,-0.3733,-0.1542,0.48478589,-2.1580
[DATA]396,1,219.2699,261.6003,-2.1164,-0.3693,-0.1563,0.48476165,-2.1087
[DATA]397,1,219.6570,261.1236,-2.0731,0.0000,-0.1583,0.48473741,-2.0645
[DATA]398,1,219.9249,260.6475,-2.0359,0.0000,-0.1583,0.48471317,-2.0281
[DATA]399,1,220.4427,260.1772,-1.9864,-0.3589,-0.1583,0.48468894,-1.9785
[DATA]400,1,221.2106,259.7105,-1.9244,0.0000,-0.1602,0.48466470,-1.9165
[DATA]401,1,221.8695,259.2577,-1.8685,-0.3496,-0.1602,0.48464047,-1.8605
[DATA]402,1,222.7784,258.8137,-1.8003,-0.3441,-0.1620,0.48461624,-1.7922
[DATA]403,1,223.5877,258.3681,-1.7367,0.0000,-0.1638,0.48459201,-1.7278
[DATA]404,1,224.3029,257.9233,-1.6775,0.0000,-0.1638,0.48456778,-1.6694
[DATA]405,1,226.4834,257.0298,-1.5179,-0.3222,-0.1638,0.48454355,-1.5098
[DATA]406,1,227.9486,256.5924,-1.4157,-0.3146,-0.1652,0.48451932,-1.4075
[DATA]407,1,229.3416,256.1670,-1.3139,0.0000,-0.1665,0.48449510,-1.3050
[DATA]408,1,230.6700,255.7529,-1.2111,-0.3003,-0.1665,0.48447087,-1.2029
[DATA]409,1,232.2485,255.3375,-1.0849,0.0000,-0.1676,0.48444665,-1.0758
[DATA]410,1,233.7766,254.9189,-0.9501,-0.2846,-0.1676,0.48442243,-0.9418
[DATA]411,1,235.5547,254.5018,-0.7812,-0.2947,0.0137,0.48439820,-0.6006
[DATA]412,1,237.2983,254.0986,-0.5962,0.0000,0.0131,0.48437399,-0.5969
[DATA]413,1,238.9971,253.6937,-0.3952,-0.2758,0.0131,0.48434977,-0.3895
[DATA]414,1,240.9459,253.2925,-0.1507,-0.2656,0.0130,0.48432555,-0.1513
[DATA]415,1,242.8690,252.8912,0.1041,0.0000,0.0131,0.48430133,0.1034
[DATA]416,1,244.7765,252.4995,0.3560,-0.2460,0.0131,0.48427712,0.3620
[DATA]417,1,246.8340,252.1207,0.6053,-0.2363,0.0137,0.48425290,0.6046
[DATA]418,1,248.7956,251.7421,0.8102,-0.2271,0.0145,0.48422869,0.8095
[DATA]419,1,250.6708,251.3695,0.9626,-0.2185,0.0155,0.48420448,0.9619
[DATA]420,1,252.4690,251.0041,0.9161,0.0000,0.0164,0.48418027,0.9153
[DATA]421,1,254.1986,250.6487,0.7614,-0.2317,0.0164,0.48415606,0.7702
[DATA]422,1,256.0783,250.2924,0.5566,0.0000,0.0169,0.48413185,0.5558
[DATA]423,1,257.8763,249.9457,0.3336,-0.2513,0.0169,0.48410765,0.3422
[DATA]424,1,259.8242,249.6040,0.0822,-0.2614,0.0170,0.48408344,0.0813
[DATA]425,1,261.6708,249.2612,-0.1575,-0.2707,0.0168,0.48405924,-0.1583
[DATA]426,1,263.4061,248.9147,-0.3746,-0.2792,0.0165,0.48403503,-0.3755
[DATA]427,1,265.0207,248.5728,-0.5638,0.0000,0.0159,0.48401083,-0.5647
[DATA]428,1,266.5061,248.2288,-0.7257,-0.2948,0.0159,0.48398663,-0.7184
[DATA]429,1,268.1414,247.8973,-0.8834,-0.2810,-0.1053,0.48396243,-0.9993
[DATA]430,1,269.6320,247.5711,-1.0153,0.0000,-0.1063,0.48393823,-1.0100
[DATA]431,1,270.9916,247.2522,-1.1272,-0.2950,-0.1063,0.48391404,-1.1219
[DATA]432,1,272.5012,246.9375,-1.2401,0.0000,-0.1075,0.48388984,-1.2348
[DATA]433,1,273.8658,246.6247,-1.3376,-0.3090,-0.1075,0.48386565,-1.3322
[DATA]434,1,275.3804,246.3155,-1.4386,0.0000,-0.1090,0.48384145,-1.4332
[DATA]435,1,276.7361,246.0158,-1.5271,-0.3229,-0.1090,0.48381726,-1.5217
[DATA]436,1,278.2418,245.7135,-1.6214,0.0000,-0.1106,0.48379307,-1.6159
[DATA]437,1,279.5745,245.4092,-1.7053,-0.3367,-0.1106,0.48376888,-1.6999
[DATA]438,1,281.0573,245.1125,-1.7957,0.0000,-0.1124,0.48374469,-1.7901
[DATA]439,1,282.3535,244.8190,-1.8759,-0.3501,-0.1124,0.48372050,-1.8703
[DATA]440,1,283.7996,244.5349,-1.9628,0.0000,-0.1143,0.48369632,-1.9572
[DATA]441,1,285.0456,244.2533,-2.0394,-0.3632,-0.1143,0.48367213,-2.0337
[DATA]442,1,286.4416,243.9750,-2.1232,0.0000,-0.1164,0.48364795,-2.1175
[DATA]443,1,288.9572,243.4184,-2.2769,-0.3822,-0.1164,0.48362377,-2.2711
[DATA]444,1,288.9572,243.4184,-2.2769,0.0000,-0.1187,0.48359959,-2.2711
[DATA]445,1,292.0728,242.8703,-2.4601,0.0000,-0.1187,0.48357541,-2.4542
[DATA]446,1,293.8556,242.6094,-2.5623,0.0000,-0.3685,0.48355123,-2.7924
[DATA]447,1,295.7884,242.3544,-2.6717,0.0000,-0.3685,0.48352705,-2.6532
[DATA]448,1,297.8713,242.1046,-2.7883,-0.4231,-0.3685,0.48350287,-2.7671
[DATA]449,1,300.1041,241.8576,-2.9123,-0.4330,-0.3714,0.48347870,-2.8939
[DATA]450,1,302.0638,241.6157,-3.0224,0.0000,-0.3744,0.48345453,-3.0038
[DATA]451,1,303.7406,241.3746,-3.1183,0.0000,-0.3744,0.48343035,-3.0996
[DATA]452,1,305.5673,241.1311,-3.2218,0.0000,-0.3744,0.48340618,-3.2004
[DATA]453,1,307.5441,240.8863,-3.3329,-0.4666,-0.3744,0.48338201,-3.3082
[DATA]454,1,309.6709,240.6470,-3.4512,-0.4761,-0.3778,0.48335784,-3.4325
[DATA]455,1,311.5810,240.4137,-3.5584,-0.4847,-0.3814,0.48333367,-3.5395
[DATA]456,1,313.2650,240.1854,-3.6540,-0.4923,-0.3850,0.48330951,-3.6349
[DATA]457,1,314.7144,239.9592,-3.7378,0.0000,-0.3887,0.48328534,-3.7172
[DATA]458,1,315.9214,239.7388,-3.8091,0.0000,-0.3887,0.48326118,-3.7900
[DATA]459,1,317.3785,239.5208,-3.8929,0.0000,-0.3887,0.48323701,-3.8735
[DATA]460,1,319.0856,239.3062,-3.9890,-0.5191,-0.3887,0.48321285,-3.9670
[DATA]461,1,321.0426,239.0951,-4.0974,-0.5278,-0.3928,0.48318869,-4.0779
[DATA]462,1,322.7306,238.8822,-4.1924,0.0000,-0.3970,0.48316453,-4.1728
[DATA]463,1,324.1407,238.6679,-4.2736,-0.5419,-0.3970,0.48314037,-4.2539
[DATA]464,1,325.8008,238.4535,-4.3674,0.0000,-0.4013,0.48311622,-4.3475
[DATA]465,1,327.1691,238.2443,-4.4462,-0.5557,-0.4013,0.48309206,-4.4263
[DATA]466,1,328.7873,238.0401,-4.5374,-0.5630,-0.4058,0.48306791,-4.5173
[DATA]467,1,330.0999,237.8353,-4.6132,0.0000,-0.4104,0.48304375,-4.5911
[DATA]468,1,331.0995,237.6299,-4.6735,0.0000,-0.4104,0.48301960,-4.6533
[DATA]469,1,332.3490,237.4225,-4.7463,-0.5797,-0.4104,0.48299545,-4.7259
[DATA]470,1,333.8486,237.2140,-4.8317,0.0000,-0.4152,0.48297130,-4.8112
[DATA]471,1,335.0185,237.0094,-4.9005,-0.5920,-0.4152,0.48294715,-4.8798
[DATA]472,1,336.4383,236.8104,-4.9814,0.0000,-0.4202,0.48292300,-4.9606
[DATA]473,1,337.5161,236.6159,-5.0450,-0.6036,-0.4202,0.48289886,-5.0241
[DATA]474,1,338.8440,236.4239,-5.1210,0.0000,-0.4253,0.48287471,-5.1000
[DATA]475,1,339.8182,236.2342,-5.1792,-0.6143,-0.4253,0.48285057,-5.1580
[DATA]476,1,341.0424,236.0438,-5.2499,0.0000,-0.4305,0.48282643,-5.2287
[DATA]477,1,341.9023,235.8538,-5.3024,-0.6242,-0.4305,0.48280229,-5.2810
[DATA]478,1,343.0122,235.6686,-5.3672,0.0000,-0.4359,0.48277815,-5.3457
[DATA]479,1,343.7479,235.4864,-5.4131,-0.6330,-0.4359,0.48275401,-5.3914
[DATA]480,1,344.7335,235.3090,-5.4712,0.0000,-0.4413,0.48272987,-5.4494
[DATA]481,1,345.5558,234.9662,-5.5295,-0.6424,-0.4413,0.48270573,-5.5075
[DATA]482,1,346.0254,234.7979,-5.5614,-0.6449,-0.4468,0.48268160,-5.5393
[DATA]483,1,346.1026,234.6333,-5.5735,0.0000,-0.4524,0.48265746,-5.5489
[DATA]484,1,345.7850,234.4685,-5.5658,-0.6453,-0.4524,0.48263333,-5.5436
[DATA]485,1,345.7173,234.3060,-5.5706,0.0000,-0.4579,0.48260920,-5.5458
[DATA]486,1,345.2544,234.1430,-5.5556,0.0000,-0.4579,0.48258507,-5.5331
[DATA]487,1,345.0414,233.9842,-5.5529,-0.6442,-0.4579,0.48256094,-5.5301
[DATA]488,1,345.0785,233.8255,-5.5626,0.0000,-0.4635,0.48253681,-5.5397
[DATA]489,1,344.7213,233.6715,-5.5525,0.0000,-0.4635,0.48251268,-5.5294
[DATA]490,1,344.6141,233.5214,-5.5546,-0.6444,-0.4635,0.48248856,-5.5282
[DATA]491,1,344.7569,233.3732,-5.5692,-0.6455,-0.4690,0.48246443,-5.5460
[DATA]492,1,344.5054,233.2263,-5.5640,0.0000,-0.4746,0.48244031,-5.5405
[DATA]493,1,343.8583,233.0772,-5.5391,-0.6431,-0.4746,0.48241619,-5.5154
[DATA]494,1,343.4613,232.9312,-5.5265,0.0000,-0.4801,0.48239207,-5.5028
[DATA]495,1,342.6711,232.7874,-5.4942,-0.6395,-0.4801,0.48236795,-5.4703
[DATA]496,1,342.1309,232.6429,-5.4744,0.0000,-0.4855,0.48234383,-5.4504
[DATA]497,1,341.2012,232.5001,-5.4351,-0.6348,-0.4855,0.48231971,-5.4109
[DATA]498,1,340.5215,232.3589,-5.4081,0.0000,-0.4909,0.48229560,-5.3839
[DATA]499,1,339.4569,232.2208,-5.3618,-0.6289,-0.4909,0.48227148,-5.3374
[DATA]500,1,338.6424,232.0856,-5.3278,0.0000,-0.4962,0.48224737,-5.3033
[DATA]501,1,337.4489,231.9513,-5.2749,-0.6220,-0.4962,0.48222326,-5.2502
[DATA]502,1,336.5054,231.8149,-5.2345,0.0000,-0.5014,0.48219914,-5.2097
[DATA]503,1,335.1899,231.6795,-5.1755,-0.6140,-0.5014,0.48217503,-5.1506
[DATA]504,1,334.1245,231.5434,-5.1291,0.0000,-0.5065,0.48215093,-5.1040
[DATA]505,1,332.6950,231.4102,-5.0642,-0.6051,-0.5065,0.48212682,-5.0390
[DATA]506,1,331.5155,231.2798,-5.0118,0.0000,-0.5115,0.48210271,-4.9865
[DATA]507,1,329.9808,231.1504,-4.9415,-0.5953,-0.5115,0.48207861,-4.9161
[DATA]508,1,328.6962,231.0221,-4.8837,0.0000,-0.5164,0.48205450,-4.8581
[DATA]509,1,327.0662,230.8930,-4.8087,-0.5847,-0.5164,0.48203040,-4.7829
[DATA]510,1,325.6862,230.7671,-4.7460,0.0000,-0.5211,0.48200630,-4.7201
[DATA]511,1,323.9716,230.6452,-4.6663,0.0000,-0.5211,0.48198220,-4.6404
[DATA]512,1,322.5069,230.5263,-4.5990,-0.5679,-0.5211,0.48195810,-4.5703
[DATA]513,1,321.2923,230.4092,-4.5442,0.0000,-0.5256,0.48193400,-4.5181
[DATA]514,1,319.7597,230.2930,-4.4733,-0.5579,-0.5256,0.48190990,-4.4444
[DATA]515,1,316.8866,230.0625,-4.3412,0.0000,-0.5299,0.48188581,-4.3149
[DATA]516,1,314.9883,229.9482,-4.2520,-0.5402,-0.5299,0.48186172,-4.2227
[DATA]517,1,313.3400,229.8331,-4.1753,-0.5340,-0.5341,0.48183762,-4.1488
[DATA]518,1,311.4015,229.7183,-4.0842,0.0000,-0.5381,0.48181353,-4.0575
[DATA]519,1,309.1790,229.6043,-3.9787,-0.5183,-0.5381,0.48178944,-3.9519
[DATA]520,1,307.2065,229.4906,-3.8858,0.0000,-0.5420,0.48176535,-3.8589
[DATA]521,1,304.9657,229.3809,-3.7792,-0.5023,-0.5420,0.48174126,-3.7522
[DATA]522,1,302.9749,229.2727,-3.6851,-0.4948,-0.5456,0.48171717,-3.6580
[DATA]523,1,302.9749,229.2727,-3.6851,0.0000,-0.5493,0.48169309,-3.6569
[DATA]524,1,302.9749,229.2727,-3.6851,0.0000,-0.5493,0.48166900,-3.6579
[DATA]525,1,302.9749,229.2727,-3.6851,0.0000,-0.5493,0.48164492,-3.6577
[DATA]526,1,302.9749,229.2727,-3.6851,-0.4948,-0.5493,0.48162084,-3.6550
[DATA]527,1,302.9749,229.2727,-3.6851,0.0000,-0.5530,0.48159676,-3.6576
[DATA]528,1,302.9749,229.2727,-3.6851,0.0000,-0.5530,0.48157268,-3.6548
[DATA]529,1,302.9749,229.2727,-3.6851,-0.4948,-0.5530,0.48154860,-3.6511
[DATA]530,1,302.9749,229.2727,-3.6851,-0.4948,-0.5566,0.48152452,-3.6575
[DATA]531,1,302.9749,229.2727,-3.6851,-0.4948,-0.5603,0.48150045,-3.6573
[DATA]532,1,302.9749,229.2727,-3.6851,-0.4948,-0.5639,0.48147637,-3.6571
[DATA]533,1,302.9749,229.2727,-3.6851,-0.4948,-0.5676,0.48145230,-3.6560
[DATA]534,1,302.9749,229.2727,-3.6851,0.0000,-0.5712,0.48142822,-3.6523
[DATA]535,1,302.9749,229.2727,-3.6851,0.0000,-0.5712,0.48140415,-3.6570
[DATA]536,1,302.9749,229.2727,-3.6851,0.0000,-0.5712,0.48138008,-3.6568
[DATA]537,1,302.9749,229.2727,-3.6851,-0.4948,-0.5712,0.48135601,-3.6566
[DATA]538,1,302.9749,229.2727,-3.6851,0.0000,-0.5749,0.48133195,-3.6565
[DATA]539,1,302.9749,229.2727,-3.6851,-0.4948,-0.5749,0.48130788,-3.6564
[DATA]540,1,302.9749,229.2727,-3.6851,0.0000,-0.5785,0.48128381,-3.6564
[DATA]541,1,302.9749,229.2727,-3.6851,-0.4948,-0.5785,0.48125975,-3.6562
[DATA]542,1,302.9749,229.2727,-3.6851,-0.4948,-0.5822,0.48123569,-3.6562
[DATA]543,1,302.9749,229.2727,-3.6851,-0.4948,-0.5859,0.48121162,-3.6551
[DATA]544,1,302.9749,229.2727,-3.6851,0.0000,-0.5895,0.48118756,-3.6514
[DATA]545,1,302.9749,229.2727,-3.6851,-0.4948,-0.5895,0.48116350,-3.6560
[DATA]546,1,302.9749,229.2727,-3.6851,-0.4948,-0.5932,0.48113945,-3.6512
[DATA]547,1,302.9749,229.2727,-3.6851,-0.4948,-0.5968,0.48111539,-3.6476
[DATA]548,1,302.9749,229.2727,-3.6851,0.0000,-0.6005,0.48109133,-3.6439
[DATA]549,1,302.9749,229.2727,-3.6851,0.0000,-0.6005,0.48106728,-3.6559
[DATA]550,1,302.9749,229.2727,-3.6851,0.0000,-0.6005,0.48104323,-3.6557
[DATA]551,1,302.9749,229.2727,-3.6851,0.0000,-0.6005,0.48101917,-3.6555
[DATA]552,1,302.9749,229.2727,-3.6851,0.0000,-0.6005,0.48099512,-3.6553
[DATA]553,1,302.9749,229.2727,-3.6851,-0.4948,-0.6005,0.48097107,-3.6551
[DATA]554,1,302.9749,229.2727,-3.6851,0.0000,-0.6041,0.48094702,-3.6551
[DATA]555,1,302.9749,229.2727,-3.6851,-0.4948,-0.6041,0.48092298,-3.6549
[DATA]556,1,302.9749,229.2727,-3.6851,0.0000,-0.6078,0.48089893,-3.6549
[DATA]557,1,302.9749,229.2727,-3.6851,-0.4948,-0.6078,0.48087489,-3.6548
[DATA]558,1,302.9749,229.2727,-3.6851,-0.4948,-0.6114,0.48085084,-3.6547
[DATA]559,1,302.9749,229.2727,-3.6851,0.0000,-0.6151,0.48082680,-3.6536
[DATA]560,1,302.9749,229.2727,-3.6851,-0.4948,-0.6151,0.48080276,-3.6546
[DATA]561,1,302.9749,229.2727,-3.6851,0.0000,-0.6187,0.48077872,-3.6535
[DATA]562,1,302.9749,229.2727,-3.6851,0.0000,-0.6187,0.48075468,-3.6544
[DATA]563,1,302.9749,229.2727,-3.6851,-0.4948,-0.6187,0.48073064,-3.6542
[DATA]564,1,302.9749,229.2727,-3.6851,0.0000,-0.6224,0.48070660,-3.6542
[DATA]565,1,302.9749,229.2727,-3.6851,-0.4948,-0.6224,0.48068257,-3.6540
[DATA]566,1,302.9749,229.2727,-3.6851,0.0000,-0.6260,0.48065854,-3.6540
[DATA]567,1,302.9749,229.2727,-3.6851,-0.4948,-0.6260,0.48063450,-3.6539
[DATA]568,1,302.9749,229.2727,-3.6851,0.0000,-0.6297,0.48061047,-3.6538
[DATA]569,1,302.9749,229.2727,-3.6851,-0.4948,-0.6297,0.48058644,-3.6537
[DATA]570,1,302.9749,229.2727,-3.6851,0.0000,-0.6333,0.48056241,-3.6536
[DATA]571,1,302.9749,229.2727,-3.6851,-0.4948,-0.6333,0.48053838,-3.6535
[DATA]1,2,516.0000,508.0000,0.3261,-0.2493,0.0149,0.48051436,-3.6535
[DATA]2,2,516.0000,508.0000,0.3261,-0.2497,0.0152,0.48049033,0.3254
[DATA]3,2,516.0000,508.0000,0.3261,-0.2500,0.0156,0.48046631,0.3254
[DATA]4,2,516.0000,508.0000,0.3261,-0.2504,0.0159,0.48044228,0.3254
[DATA]5,2,516.0000,508.0000,0.3261,-0.2508,0.0162,0.48041826,0.3254
[DATA]6,2,516.0000,508.0000,0.3261,-0.2512,0.0165,0.48039424,0.3253
[DATA]7,2,516.0000,508.0000,0.3261,-0.2516,0.0169,0.48037022,0.3253
[DATA]8,2,516.0000,508.0000,0.3261,-0.2519,0.0172,0.48034620,0.3253
[DATA]9,2,516.0000,508.0000,0.3261,-0.2523,0.0175,0.48032218,0.3253
[DATA]10,2,516.0000,508.0000,0.3261,-0.2527,0.0178,0.48029817,0.3253
[DATA]11,2,516.0000,508.0000,0.3261,-0.2531,0.0182,0.48027415,0.3253
[DATA]12,2,516.0000,508.0000,0.3261,-0.2534,0.0185,0.48025014,0.3252
[DATA]13,2,516.0000,508.0000,0.3261,0.0000,0.0188,0.48022613,0.3252
[DATA]14,2,516.0000,508.0000,0.3261,-0.2538,0.0188,0.48020212,0.3369
[DATA]15,2,516.0000,508.0000,0.3261,-0.2542,0.0191,0.48017810,0.3252
[DATA]16,2,516.0000,508.0000,0.3261,-0.2546,0.0195,0.48015410,0.3252
[DATA]17,2,516.0000,508.0000,0.3261,0.0000,0.0198,0.48013009,0.3252
[DATA]18,2,516.0000,508.0000,0.3261,-0.2549,0.0198,0.48010608,0.3375
[DATA]19,2,516.0000,508.0000,0.3261,-0.2553,0.0201,0.48008208,0.3252
[DATA]20,2,516.0000,508.0000,0.3261,-0.2557,0.0204,0.48005807,0.3251
[DATA]21,2,511.6115,507.7422,0.7344,-0.2383,0.0212,0.48003407,0.7334
[DATA]22,2,507.1173,507.3026,0.9906,-0.2230,0.0222,0.48001007,0.9895
[DATA]23,2,502.5347,506.6792,0.7105,-0.2413,0.0229,0.47998607,0.7094
[DATA]24,2,497.8792,505.9167,0.3221,-0.2591,0.0232,0.47996207,0.3210
[DATA]25,2,493.1324,505.0620,-0.1056,0.0000,0.0231,0.47993807,-0.1068
[DATA]26,2,488.3765,504.1572,-0.5011,0.0000,0.0231,0.47991407,-0.4870
[DATA]27,2,483.8706,503.1951,-0.8117,0.0000,0.0231,0.47989008,-0.7971
[DATA]28,2,479.6148,502.1867,-1.0503,0.0000,-0.1682,0.47986608,-1.2151
[DATA]29,2,475.6089,501.1408,-1.2382,0.0000,-0.1682,0.47984209,-1.2299
[DATA]30,2,471.8530,500.0698,-1.3922,-0.3129,-0.1682,0.47981810,-1.3838
[DATA]31,2,468.3471,498.9977,-1.5234,0.0000,-0.1697,0.47979411,-1.5150
[DATA]32,2,464.7783,497.9224,-1.6531,-0.3326,-0.1697,0.47977012,-1.6446
[DATA]33,2,461.4595,496.8512,-1.7677,0.0000,-0.1714,0.47974613,-1.7592
[DATA]34,2,458.0582,495.7790,-1.8852,-0.3509,-0.1714,0.47972214,-1.8767
[DATA]35,2,454.9068,494.6911,-1.9888,-0.3591,-0.1734,0.47969815,-1.9803
[DATA]36,2,451.6546,493.6078,-2.0975,0.0000,-0.1755,0.47967417,-2.0882
[DATA]37,2,448.2932,492.5304,-2.2118,0.0000,-0.1755,0.47965019,-2.2032
[DATA]38,2,445.1819,491.4458,-2.3132,-0.3851,-0.1755,0.47962620,-2.3044
[DATA]39,2,442.3205,490.3604,-2.4020,0.0000,-0.1779,0.47960222,-2.3932
[DATA]40,2,439.3241,489.3262,-2.5001,-0.4000,-0.0367,0.47957824,-2.3577
[DATA]41,2,436.5777,488.3097,-2.5866,0.0000,-0.0393,0.47955426,-2.5848
[DATA]42,2,433.6812,487.3053,-2.6812,-0.4145,-0.0393,0.47953029,-2.6793
[DATA]43,2,431.0348,486.3278,-2.7646,-0.4212,-0.0421,0.47950631,-2.7627
[DATA]44,2,428.2239,485.3660,-2.8571,0.0000,-0.0449,0.47948233,-2.8530
[DATA]45,2,425.2418,484.4325,-2.9595,0.0000,-0.0449,0.47945836,-2.9575
[DATA]46,2,422.5097,483.5381,-3.0514,0.0000,-0.0449,0.47943439,-3.0493
[DATA]47,2,420.0276,482.6472,-3.1310,-0.4505,-0.0449,0.47941042,-3.1277
[DATA]48,2,417.7955,481.7711,-3.1988,-0.4559,-0.0481,0.47938644,-3.1965
[DATA]49,2,415.3630,480.9188,-3.2778,0.0000,-0.0514,0.47936248,-3.2754
[DATA]50,2,412.7245,480.0810,-3.3678,-0.4694,-0.0514,0.47933851,-3.3654
[DATA]51,2,408.1975,478.4398,-3.5121,0.0000,-0.0549,0.47931454,-3.5095
[DATA]52,2,405.8396,477.6465,-3.5903,0.0000,-0.0549,0.47929057,-3.5877
[DATA]53,2,403.7317,476.8645,-3.6566,-0.4925,-0.0549,0.47926661,-3.6528
[DATA]54,2,401.8737,476.0868,-3.7107,-0.4969,-0.0586,0.47924265,-3.7079
[DATA]55,2,399.7733,475.3191,-3.7773,0.0000,-0.0624,0.47921868,-3.7744
[DATA]56,2,397.4260,474.5628,-3.8568,-0.5085,-0.0624,0.47919472,-3.8539
[DATA]57,2,395.3287,473.8055,-3.9238,-0.5139,-0.0663,0.47917076,-3.9207
[DATA]58,2,392.9729,473.0732,-4.0050,-0.5204,-0.0703,0.47914681,-3.9991
[DATA]59,2,390.3532,472.3485,-4.0998,0.0000,-0.0744,0.47912285,-4.0898
[DATA]60,2,387.4630,471.6373,-4.2087,0.0000,-0.0744,0.47909889,-4.2055
[DATA]61,2,384.8229,470.9177,-4.3047,0.0000,-0.0744,0.47907494,-4.3014
[DATA]62,2,382.4327,470.2034,-4.3885,-0.5511,-0.0744,0.47905098,-4.3849
[DATA]63,2,380.2926,469.5023,-4.4605,0.0000,-0.0789,0.47902703,-4.4568
[DATA]64,2,377.8514,468.8184,-4.5484,0.0000,-0.0789,0.47900308,-4.5445
[DATA]65,2,375.6602,468.1360,-4.6238,0.0000,-0.0789,0.47897913,-4.6177
[DATA]66,2,373.7189,467.4497,-4.6865,0.0000,-0.0789,0.47895518,-4.6759
[DATA]67,2,372.0277,466.7668,-4.7370,-0.5790,-0.0789,0.47893123,-4.7216
[DATA]68,2,370.5865,466.0834,-4.7748,-0.5820,-0.0836,0.47890729,-4.7709
[DATA]69,2,368.8163,465.4119,-4.8298,-0.5864,-0.0885,0.47888334,-4.8256
[DATA]70,2,366.7141,464.7553,-4.9021,-0.5922,-0.0934,0.47885940,-4.8976
[DATA]71,2,364.2756,464.1054,-4.9915,0.0000,-0.0983,0.47883545,-4.9868
[DATA]72,2,361.4948,463.4636,-5.0984,-0.6079,-0.0983,0.47881151,-5.0937
[DATA]73,2,358.9641,462.8312,-5.1934,0.0000,-0.1035,0.47878757,-5.1884
[DATA]74,2,356.0755,462.2101,-5.3067,-0.6245,-0.1035,0.47876363,-5.3017
[DATA]75,2,353.4370,461.6066,-5.4085,-0.6327,-0.1089,0.47873969,-5.4033
[DATA]76,2,350.4238,461.0101,-5.5293,0.0000,-0.1145,0.47871576,-5.5205
[DATA]77,2,347.0280,460.4253,-5.6699,0.0000,-0.1145,0.47869182,-5.6646
[DATA]78,2,343.8822,459.8342,-5.7976,-0.6638,-0.1145,0.47866789,-5.7920
[DATA]79,2,340.9864,459.1092,-5.9061,0.0000,-0.1204,0.47864395,-5.9004
[DATA]80,2,337.6768,458.2697,-6.0296,-0.6824,-0.1204,0.47862002,-6.0238
[DATA]81,2,334.6171,457.3375,-6.1360,0.0000,-0.1265,0.47859609,-6.1300
[DATA]82,2,331.1251,456.3755,-6.2625,-0.7010,-0.1265,0.47857216,-6.2564
[DATA]83,2,327.8831,455.3873,-6.3752,-0.7100,-0.1329,0.47854823,-6.3689
[DATA]84,2,324.1901,454.3604,-6.5085,0.0000,-0.1394,0.47852430,-6.4983
[DATA]85,2,320.0371,453.3288,-6.6646,0.0000,-0.1394,0.47850038,-6.6581
[DATA]86,2,316.1341,452.2934,-6.8080,-0.7446,-0.1394,0.47847645,-6.8012
[DATA]87,2,312.4811,451.2434,-6.9381,0.0000,-0.1463,0.47845253,-6.9311
[DATA]88,2,308.3334,450.1656,-7.0916,-0.7673,-0.1463,0.47842861,-7.0845
[DATA]89,2,304.4358,449.1059,-7.2335,0.0000,-0.1535,0.47840468,-7.2262
[DATA]90,2,297.3905,446.9876,-7.4799,0.0000,-0.1535,0.47838076,-7.4724
[DATA]91,2,294.2429,445.9135,-7.5835,-0.8067,-0.1535,0.47835685,-7.5722
[DATA]92,2,291.3452,444.8634,-7.6759,-0.8141,-0.1612,0.47833293,-7.6682
[DATA]93,2,287.8909,443.8286,-7.7969,0.0000,-0.1690,0.47830901,-7.7888
[DATA]94,2,283.8725,442.7832,-7.9455,-0.8356,-0.1690,0.47828510,-7.9373
[DATA]95,2,280.1041,441.7345,-8.0815,0.0000,-0.1770,0.47826118,-8.0731
[DATA]96,2,275.7500,440.6830,-8.2466,-0.8597,-0.1770,0.47823727,-8.2380
[DATA]97,2,271.6460,439.6632,-8.4009,0.0000,-0.1854,0.47821336,-8.3920
[DATA]98,2,266.9322,438.6710,-8.5869,-0.8870,-0.1854,0.47818945,-8.5779
[DATA]99,2,262.4684,437.6854,-8.7608,0.0000,-0.1942,0.47816554,-8.7516
[DATA]100,2,257.3677,436.7226,-8.9677,-0.9174,-0.1942,0.47814163,-8.9583
[DATA]101,2,252.5170,435.7818,-9.1632,0.0000,-0.2033,0.47811772,-9.1535
[DATA]102,2,246.9988,434.8587,-9.3930,0.0000,-0.2033,0.47809381,-9.3831
[DATA]103,2,241.7306,433.9348,-9.6102,-0.9688,-0.2033,0.47806991,-9.5956
[DATA]104,2,236.7125,433.0306,-9.8159,-0.9853,-0.2131,0.47804601,-9.8057
[DATA]105,2,230.9755,432.1456,-10.0585,0.0000,-0.2232,0.47802210,-10.0478
[DATA]106,2,224.5033,431.2695,-10.3383,-1.0271,-0.2232,0.47799820,-10.3274
[DATA]107,2,218.2810,430.4039,-10.6061,0.0000,-0.2338,0.47797430,-10.5950
[DATA]108,2,211.2817,429.5256,-10.9122,-1.0730,-0.2338,0.47795040,-10.9008
[DATA]109,2,204.5324,428.6531,-11.2060,0.0000,-0.2450,0.47792651,-11.1943
[DATA]110,2,196.9602,427.7872,-11.5414,-1.1233,-0.2450,0.47790261,-11.5294
[DATA]111,2,189.6379,426.9169,-11.8640,0.0000,-0.2568,0.47787872,-11.8517
[DATA]112,2,181.4423,426.0451,-12.2301,-1.1784,-0.2568,0.47785482,-12.2176
[DATA]113,2,173.4967,425.1799,-12.5842,0.0000,-0.2694,0.47783093,-12.5713
[DATA]114,2,164.6227,424.3100,-12.9844,-1.2387,-0.2694,0.47780704,-12.9712
[DATA]115,2,155.9987,423.4606,-13.3731,-1.2698,-0.2828,0.47778315,-13.3596
[DATA]116,2,146.3860,422.6096,-13.8112,0.0000,-0.2966,0.47775926,-13.7900
[DATA]117,2,135.7534,421.7864,-14.3017,-1.3441,-0.2966,0.47773537,-14.2879
[DATA]118,2,125.3708,420.9884,-14.7809,0.0000,-0.3113,0.47771148,-14.7595
[DATA]119,2,113.8940,420.2109,-15.3158,0.0000,-0.3113,0.47768760,-15.3014
[DATA]120,2,102.6673,419.4471,-15.8390,0.0000,-0.3113,0.47766371,-15.8237
[DATA]121,2,91.6906,418.6778,-16.3494,-1.5079,-0.3113,0.47763983,-16.3243
[DATA]122,2,80.9638,417.9251,-16.8481,-1.5478,-0.3282,0.47761595,-16.8325
[DATA]123,2,68.9792,417.1899,-17.4105,0.0000,-0.3455,0.47759207,-17.3941
[DATA]124,2,55.6966,416.4675,-18.0385,-1.6431,-0.3455,0.47756819,-18.0217
[DATA]125,2,52.0000,415.7365,-18.1868,-1.6549,-0.3637,0.47754431,-18.1695
[DATA]126,2,59.2953,415.0149,-17.7860,0.0000,-0.3815,0.47752043,-17.7596
[DATA]127,2,65.1856,414.2962,-17.4555,-1.5964,-0.3815,0.47749656,-17.4378
[DATA]128,2,65.1856,414.2962,-17.4555,0.0000,-0.3989,0.47747268,-17.4280
[DATA]129,2,65.1856,414.2962,-17.4555,0.0000,-0.3989,0.47744881,-17.4369
[DATA]130,2,65.1856,414.2962,-17.4555,-1.5964,-0.3989,0.47742494,-17.4360
[DATA]131,2,65.1856,414.2962,-17.4555,0.0000,-0.4163,0.47740106,-17.4356
[DATA]132,2,65.1856,414.2962,-17.4555,0.0000,-0.4163,0.47737719,-17.4352
[DATA]133,2,65.1856,414.2962,-17.4555,-1.5964,-0.4163,0.47735332,-17.4262
[DATA]134,2,65.1856,414.2962,-17.4555,0.0000,-0.4338,0.47732946,-17.4347
[DATA]135,2,65.1856,414.2962,-17.4555,0.0000,-0.4338,0.47730559,-17.4253
[DATA]136,2,65.1856,414.2962,-17.4555,-1.5964,-0.4338,0.47728173,-17.4079
[DATA]137,2,65.1856,414.2962,-17.4555,-1.5964,-0.4512,0.47725786,-17.4338
[DATA]138,2,65.1856,414.2962,-17.4555,-1.5964,-0.4686,0.47723400,-17.4330
[DATA]139,2,65.1856,414.2962,-17.4555,0.0000,-0.4861,0.47721014,-17.4321
[DATA]140,2,65.1856,414.2962,-17.4555,-1.5964,-0.4861,0.47718628,-17.4317
[DATA]141,2,65.1856,414.2962,-17.4555,0.0000,-0.5035,0.47716242,-17.4312
[DATA]142,2,65.1856,414.2962,-17.4555,0.0000,-0.5035,0.47713856,-17.4308
[DATA]143,2,65.1856,414.2962,-17.4555,-1.5964,-0.5035,0.47711470,-17.4219
[DATA]144,2,65.1856,414.2962,-17.4555,-1.5964,-0.5209,0.47709085,-17.4304
[DATA]145,2,65.1856,414.2962,-17.4555,0.0000,-0.5384,0.47706699,-17.4295
[DATA]146,2,65.1856,414.2962,-17.4555,-1.5964,-0.5384,0.47704314,-17.4291
[DATA]147,2,65.1856,414.2962,-17.4555,0.0000,-0.5558,0.47701929,-17.4286
[DATA]148,2,65.1856,414.2962,-17.4555,-1.5964,-0.5558,0.47699544,-17.4282
[DATA]149,2,65.1856,414.2962,-17.4555,0.0000,-0.5732,0.47697159,-17.4277
[DATA]150,2,65.1856,414.2962,-17.4555,0.0000,-0.5732,0.47694774,-17.4273
[DATA]151,2,65.1856,414.2962,-17.4555,0.0000,-0.5732,0.47692389,-17.4184
[DATA]152,2,65.1856,414.2962,-17.4555,-1.5964,-0.5732,0.47690004,-17.4010
[DATA]153,2,65.1856,414.2962,-17.4555,-1.5964,-0.5906,0.47687620,-17.4269
[DATA]154,2,65.1856,414.2962,-17.4555,-1.5964,-0.6081,0.47685235,-17.4260
[DATA]155,2,65.1856,414.2962,-17.4555,0.0000,-0.6255,0.47682851,-17.4251
[DATA]156,2,65.1856,414.2962,-17.4555,-1.5964,-0.6255,0.47680467,-17.4247
[DATA]157,2,65.1856,414.2962,-17.4555,-1.5964,-0.6429,0.47678083,-17.4243
[DATA]158,2,65.1856,414.2962,-17.4555,0.0000,-0.6603,0.47675699,-17.4148
[DATA]159,2,65.1856,414.2962,-17.4555,0.0000,-0.6603,0.47673315,-17.4238
[DATA]160,2,65.1856,414.2962,-17.4555,-1.5964,-0.6603,0.47670932,-17.4230
[DATA]161,2,65.1856,414.2962,-17.4555,0.0000,-0.6778,0.47668548,-17.4225
[DATA]162,2,65.1856,414.2962,-17.4555,-1.5964,-0.6778,0.47666165,-17.4221
[DATA]163,2,65.1856,414.2962,-17.4555,0.0000,-0.6952,0.47663781,-17.4216
[DATA]164,2,65.1856,414.2962,-17.4555,-1.5964,-0.6952,0.47661398,-17.4212
[DATA]165,2,65.1856,414.2962,-17.4555,0.0000,-0.7126,0.47659015,-17.4208
[DATA]166,2,65.1856,414.2962,-17.4555,-1.5964,-0.7126,0.47656632,-17.4203
[DATA]167,2,65.1856,414.2962,-17.4555,0.0000,-0.7300,0.47654249,-17.4199
[DATA]168,2,65.1856,414.2962,-17.4555,-1.5964,-0.7300,0.47651867,-17.4195
[DATA]169,2,65.1856,414.2962,-17.4555,0.0000,-0.7474,0.47649484,-17.4190
[DATA]170,2,65.1856,414.2962,-17.4555,0.0000,-0.7474,0.47647102,-17.4186
[DATA]171,2,65.1856,414.2962,-17.4555,-1.5964,-0.7474,0.47644719,-17.4097
[DATA]172,2,65.1856,414.2962,-17.4555,-1.5964,-0.7649,0.47642337,-17.4182
[DATA]173,2,65.1856,414.2962,-17.4555,0.0000,-0.7823,0.47639955,-17.4173
[DATA]174,2,65.1856,414.2962,-17.4555,0.0000,-0.7823,0.47637573,-17.4169
[DATA]175,2,65.1856,414.2962,-17.4555,-1.5964,-0.7823,0.47635191,-17.4080
[DATA]1,3,516.0000,508.0000,0.3261,-0.2588,0.0231,0.47632809,-17.4080
[DATA]2,3,516.0000,508.0000,0.3261,0.0000,0.0234,0.47630428,0.3250
[DATA]3,3,516.0000,508.0000,0.3261,-0.2592,0.0234,0.47628046,0.3431
[DATA]4,3,516.0000,508.0000,0.3261,-0.2595,0.0237,0.47625665,0.3250
[DATA]5,3,516.0000,508.0000,0.3261,-0.2599,0.0241,0.47623283,0.3250
[DATA]6,3,516.0000,508.0000,0.3261,-0.2603,0.0244,0.47620902,0.3249
[DATA]7,3,516.0000,508.0000,0.3261,-0.2607,0.0247,0.47618521,0.3249
[DATA]8,3,516.0000,508.0000,0.3261,-0.2610,0.0250,0.47616140,0.3249
[DATA]9,3,516.0000,508.0000,0.3261,-0.2614,0.0254,0.47613759,0.3249
[DATA]10,3,516.0000,508.0000,0.3261,-0.2618,0.0257,0.47611379,0.3249
[DATA]11,3,516.0000,508.0000,0.3261,-0.2622,0.0260,0.47608998,0.3249
[DATA]12,3,516.0000,508.0000,0.3261,0.0000,0.0263,0.47606618,0.3248
[DATA]13,3,516.0000,508.0000,0.3261,-0.2625,0.0263,0.47604237,0.3455
[DATA]14,3,516.0000,508.0000,0.3261,0.0000,0.0267,0.47601857,0.3248
[DATA]15,3,516.0000,508.0000,0.3261,-0.2629,0.0267,0.47599477,0.3455
[DATA]16,3,516.0000,508.0000,0.3261,0.0000,0.0270,0.47597097,0.3248
[DATA]17,3,516.0000,508.0000,0.3261,-0.2633,0.0270,0.47594717,0.3454
[DATA]18,3,516.0000,508.0000,0.3261,-0.2637,0.0273,0.47592338,0.3248
[DATA]19,3,516.0000,508.0000,0.3261,0.0000,0.0276,0.47589958,0.3248
[DATA]20,3,516.0000,508.0000,0.3261,-0.2640,0.0276,0.47587578,0.3457
[DATA]21,3,512.4925,507.7612,0.6575,0.0000,0.0283,0.47585199,0.6562
[DATA]22,3,508.8709,507.3068,0.9096,-0.2354,0.0283,0.47582820,0.9295
[DATA]23,3,505.3994,506.7201,0.9253,-0.2353,0.0292,0.47580441,0.9239
[DATA]24,3,501.8424,506.0043,0.7089,-0.2491,0.0299,0.47578062,0.7075
[DATA]25,3,498.2002,505.1662,0.4363,-0.2624,0.0304,0.47575683,0.4348
[DATA]26,3,494.4589,504.2579,0.1288,-0.2756,0.0305,0.47573304,0.1272
[DATA]27,3,490.7051,503.2928,-0.1766,-0.2883,0.0303,0.47570925,-0.1781
[DATA]28,3,486.9257,502.3011,-0.4621,-0.3005,0.0298,0.47568547,-0.4636
[DATA]29,3,483.1080,501.2449,-0.7138,-0.3122,0.0291,0.47566168,-0.7153
[DATA]30,3,479.2398,500.1489,-0.9331,-0.2836,-0.1779,0.47563790,-1.1312
[DATA]31,3,475.3094,499.0566,-1.1277,-0.2950,-0.1790,0.47561412,-1.1188
[DATA]32,3,471.3454,497.9739,-1.3026,0.0000,-0.1803,0.47559034,-1.2936
[DATA]33,3,467.3363,496.8987,-1.4655,0.0000,-0.1803,0.47556656,-1.4565
[DATA]34,3,463.5773,495.8086,-1.6060,-0.3289,-0.1803,0.47554278,-1.5962
[DATA]35,3,460.0683,494.7320,-1.7307,-0.3387,-0.1820,0.47551900,-1.7217
[DATA]36,3,456.4803,493.6293,-1.8564,0.0000,-0.1839,0.47549523,-1.8473
[DATA]37,3,452.8037,492.5407,-1.9865,-0.3589,-0.1839,0.47547145,-1.9773
[DATA]38,3,449.3770,491.4720,-2.1046,0.0000,-0.1860,0.47544768,-2.0954
[DATA]39,3,445.8414,490.4129,-2.2285,0.0000,-0.1860,0.47542391,-2.2193
[DATA]40,3,442.5559,489.3527,-2.3398,-0.3872,-0.1860,0.47540013,-2.3296
[DATA]41,3,439.5203,488.3070,-2.4393,0.0000,-0.1884,0.47537636,-2.4300
[DATA]42,3,436.3475,487.2772,-2.5465,0.0000,-0.7815,0.47535260,-3.0997
[DATA]43,3,433.4247,486.2679,-2.6422,0.0000,-0.7815,0.47532883,-2.5765
[DATA]44,3,430.7520,485.2733,-2.7261,-0.4181,-0.7815,0.47530506,-2.6578
[DATA]45,3,428.3292,484.2590,-2.7965,-0.4237,-0.7842,0.47528130,-2.7574
[DATA]46,3,425.7384,483.2682,-2.8765,0.0000,-0.7871,0.47525753,-2.8373
[DATA]47,3,422.9738,482.2963,-2.9661,-0.4373,-0.7871,0.47523377,-2.9005
[DATA]48,3,420.4593,481.3302,-3.0435,-0.4435,-0.7901,0.47521001,-3.0042
[DATA]49,3,417.7574,480.3554,-3.1299,-0.4504,-0.7932,0.47518625,-3.0904
[DATA]50,3,414.8621,479.3871,-3.2263,-0.4581,-0.7964,0.47516249,-3.1866
[DATA]51,3,411.7663,478.4300,-3.3332,-0.4667,-0.7997,0.47513873,-3.2934
[DATA]52,3,408.4625,477.4758,-3.4507,0.0000,-0.8031,0.47511497,-3.4107
[DATA]53,3,404.9420,476.5398,-3.5799,-0.4864,-0.8031,0.47509122,-3.5266
[DATA]54,3,401.6715,475.6087,-3.6969,-0.4957,-0.8067,0.47506746,-3.6567
[DATA]55,3,398.1647,474.6797,-3.8258,-0.5061,-0.8105,0.47504371,-3.7854
[DATA]56,3,394.4121,473.7642,-3.9676,0.0000,-0.8144,0.47501996,-3.9271
[DATA]57,3,390.4033,472.8614,-4.1229,-0.5298,-0.8144,0.47499621,-4.0768
[DATA]58,3,386.6447,471.9652,-4.2660,-0.5413,-0.8187,0.47497246,-4.2253
[DATA]59,3,382.6061,471.0618,-4.4228,-0.5538,-0.8230,0.47494871,-4.3818
[DATA]60,3,373.6427,469.3142,-4.7836,0.0000,-0.8278,0.47492496,-4.7424
[DATA]61,3,368.7053,468.4598,-4.9877,-0.5990,-0.8278,0.47490121,-4.9465
[DATA]62,3,364.0178,467.5982,-5.1790,0.0000,-0.8329,0.47487747,-5.1376
[DATA]63,3,358.9814,466.7467,-5.3883,-0.6311,-0.8329,0.47485372,-5.3468
[DATA]64,3,354.1949,465.9032,-5.5854,0.0000,-0.8385,0.47482998,-5.5438
[DATA]65,3,349.0274,465.0644,-5.8019,-0.6641,-0.8385,0.47480624,-5.7601
[DATA]66,3,344.1099,464.2332,-6.0062,-0.6805,-0.8444,0.47478250,-5.9642
[DATA]67,3,338.7782,463.4098,-6.2316,0.0000,-0.8506,0.47475876,-6.1851
[DATA]68,3,333.0160,462.5946,-6.4789,-0.7183,-0.8506,0.47473502,-6.4369
[DATA]69,3,327.5038,461.7765,-6.7136,0.0000,-0.8573,0.47471129,-6.6670
[DATA]70,3,321.5234,460.9821,-6.9729,0.0000,-0.8573,0.47468755,-6.9306
[DATA]71,3,315.7929,460.2123,-7.2210,-0.7777,-0.8573,0.47466382,-7.1783
[DATA]72,3,310.3124,459.4611,-7.4574,0.0000,-0.8647,0.47464008,-7.4146
[DATA]73,3,304.3043,458.7290,-7.7212,-0.8177,-0.8647,0.47461635,-7.6782
[DATA]74,3,298.5461,457.9888,-7.9721,0.0000,-0.8726,0.47459262,-7.9289
[DATA]75,3,292.2203,457.2697,-8.2525,-0.8602,-0.8726,0.47456889,-8.2091
[DATA]76,3,286.1444,456.5677,-8.5212,0.0000,-0.8811,0.47454516,-8.4775
[DATA]77,3,279.4584,455.8809,-8.8211,-0.9057,-0.8811,0.47452143,-8.7773
[DATA]78,3,273.0223,455.2010,-9.1089,0.0000,-0.8902,0.47449771,-9.0649
[DATA]79,3,265.9306,454.5266,-9.4298,-0.9544,-0.8902,0.47447398,-9.3855
[DATA]80,3,259.0888,453.8648,-9.7388,0.0000,-0.8999,0.47445026,-9.6943
[DATA]81,3,251.5427,453.1924,-10.0825,-1.0066,-0.8999,0.47442654,-10.0378
[DATA]82,3,244.2466,452.5242,-10.4139,0.0000,-0.9102,0.47440282,-10.3689
[DATA]83,3,236.1938,451.8688,-10.7838,0.0000,-0.9102,0.47437910,-10.7385
[DATA]84,3,228.3911,451.2097,-11.1409,-1.0913,-0.9102,0.47435538,-11.0904
[DATA]85,3,220.8383,450.5680,-11.4865,-1.1189,-0.9217,0.47433166,-11.4410
[DATA]86,3,212.4443,449.9391,-11.8747,0.0000,-0.9335,0.47430794,-11.8287
[DATA]87,3,203.1814,449.3194,-12.3069,0.0000,-0.9335,0.47428423,-12.2606
[DATA]88,3,194.1685,448.7142,-12.7273,-1.2182,-0.9335,0.47426051,-12.6755
[DATA]89,3,185.4056,448.1109,-13.1353,-1.2508,-0.9466,0.47423680,-13.0886
[DATA]90,3,175.6745,447.5223,-13.5924,-1.2874,-0.9601,0.47421309,-13.5451
[DATA]91,3,164.9425,446.9444,-14.1001,0.0000,-0.9742,0.47418938,-14.0437
[DATA]92,3,153.1732,446.3670,-14.6597,-1.3728,-0.9742,0.47416567,-14.6121
[DATA]93,3,141.6539,445.8024,-15.2074,0.0000,-0.9893,0.47414196,-15.1509
[DATA]94,3,129.0118,445.2273,-15.8108,0.0000,-0.9893,0.47411825,-15.7625
[DATA]95,3,116.6197,444.6617,-16.4021,-1.5122,-0.9893,0.47409455,-16.3530
[DATA]96,3,104.4776,444.0926,-16.9808,0.0000,-1.0063,0.47407084,-16.9313
[DATA]97,3,91.0734,443.5374,-17.6232,-1.6099,-1.0063,0.47404714,-17.5733
[DATA]98,3,77.9191,442.9805,-18.2531,-1.6602,-1.0245,0.47402344,-18.2028
[DATA]99,3,63.4050,442.4320,-18.9514,0.0000,-1.0434,0.47399974,-18.8917
[DATA]100,3,52.0000,441.8965,-19.4948,0.0000,-1.0434,0.47397604,-19.4440
[DATA]101,3,62.8662,441.3554,-18.9245,-1.7140,-1.0434,0.47395234,-18.8727
[DATA]102,3,73.9825,440.8174,-18.3417,0.0000,-1.0617,0.47392864,-18.2896
[DATA]103,3,83.6348,440.2953,-17.8330,0.0000,-1.0617,0.47390494,-17.7803
[DATA]104,3,93.5370,439.7814,-17.3122,-1.5850,-1.0617,0.47388125,-17.2491
[DATA]105,3,103.6893,439.2761,-16.7793,0.0000,-1.0784,0.47385755,-16.7263
[DATA]106,3,121.5739,438.2754,-15.8351,-1.4668,-1.0784,0.47383386,-15.7706
[DATA]107,3,130.8913,437.7904,-15.3450,-1.4276,-1.0937,0.47381017,-15.2910
[DATA]108,3,138.9917,437.3150,-14.9162,0.0000,-1.1085,0.47378648,-14.8615
[DATA]109,3,145.9147,436.8500,-14.5468,-1.3637,-1.1085,0.47376279,-14.4915
[DATA]110,3,153.0876,436.3881,-14.1650,0.0000,-1.1226,0.47373910,-14.1096
[DATA]111,3,159.1467,435.9189,-13.8386,-1.3071,-1.1226,0.47371541,-13.7827
[DATA]112,3,165.4559,435.4583,-13.5001,-1.2800,-1.1361,0.47369173,-13.4440
[DATA]113,3,170.7080,435.0000,-13.2146,0.0000,-1.1492,0.47366804,-13.1549
[DATA]114,3,174.9300,434.5454,-12.9808,0.0000,-1.1492,0.47364436,-12.9241
[DATA]115,3,179.4021,434.0984,-12.7348,-1.2188,-1.1492,0.47362068,-12.6775
[DATA]116,3,184.1241,433.6529,-12.4764,0.0000,-1.1617,0.47359700,-12.4190
[DATA]117,3,187.8774,433.2116,-12.2667,-1.1813,-1.1617,0.47357332,-12.2088
[DATA]118,3,191.8807,432.7780,-12.0449,-1.1636,-1.1736,0.47354964,-11.9868
[DATA]119,3,194.9527,432.3489,-11.8698,-1.1496,-1.1855,0.47352596,-11.8084
[DATA]120,3,197.1110,431.9146,-11.7402,-1.1392,-1.1971,0.47350228,-11.6670
[DATA]121,3,198.3698,431.4851,-11.6558,0.0000,-1.2087,0.47347861,-11.5709
[DATA]122,3,198.7393,431.0620,-11.6161,0.0000,-1.2087,0.47345494,-11.5576
[DATA]123,3,199.3589,430.6425,-11.5642,0.0000,-1.2087,0.47343126,-11.5051
[DATA]124,3,200.2284,430.2199,-11.4996,0.0000,-1.2087,0.47340759,-11.4399
[DATA]125,3,201.3480,429.8105,-11.4231,-1.1139,-1.2087,0.47338392,-11.3629
[DATA]126,3,202.7175,429.4010,-11.3342,0.0000,-1.2200,0.47336025,-11.2737
[DATA]127,3,203.2233,428.9914,-11.2884,-1.1031,-1.2200,0.47333658,-11.2276
[DATA]128,3,203.9790,428.5828,-11.2302,0.0000,-1.2311,0.47331292,-11.1692
[DATA]129,3,203.9790,428.5828,-11.2302,-1.0984,-1.2311,0.47328925,-11.1688
[DATA]130,3,203.9790,428.5828,-11.2302,0.0000,-1.2423,0.47326559,-11.1686
[DATA]131,3,203.9790,428.5828,-11.2302,-1.0984,-1.2423,0.47324192,-11.1682
[DATA]132,3,203.9790,428.5828,-11.2302,0.0000,-1.2535,0.47321826,-11.1681
[DATA]133,3,203.9790,428.5828,-11.2302,0.0000,-1.2535,0.47319460,-11.1677
[DATA]134,3,203.9790,428.5828,-11.2302,0.0000,-1.2535,0.47317094,-11.1596
[DATA]135,3,203.9790,428.5828,-11.2302,-1.0984,-1.2535,0.47314728,-11.1484
[DATA]136,3,203.9790,428.5828,-11.2302,-1.0984,-1.2646,0.47312362,-11.1675
[DATA]137,3,203.9790,428.5828,-11.2302,-1.0984,-1.2758,0.47309997,-11.1670
[DATA]138,3,203.9790,428.5828,-11.2302,0.0000,-1.2870,0.47307631,-11.1664
[DATA]139,3,203.9790,428.5828,-11.2302,-1.0984,-1.2870,0.47305266,-11.1660
[DATA]140,3,203.9790,428.5828,-11.2302,0.0000,-1.2981,0.47302901,-11.1658
[DATA]141,3,203.9790,428.5828,-11.2302,-1.0984,-1.2981,0.47300536,-11.1654
[DATA]142,3,203.9790,428.5828,-11.2302,0.0000,-1.3093,0.47298171,-11.1653
[DATA]143,3,203.9790,428.5828,-11.2302,-1.0984,-1.3093,0.47295806,-11.1649
[DATA]144,3,203.9790,428.5828,-11.2302,0.0000,-1.3205,0.47293441,-11.1647
[DATA]145,3,203.9790,428.5828,-11.2302,-1.0984,-1.3205,0.47291076,-11.1643
[DATA]146,3,203.9790,428.5828,-11.2302,0.0000,-1.3316,0.47288712,-11.1642
[DATA]147,3,203.9790,428.5828,-11.2302,-1.0984,-1.3316,0.47286347,-11.1638
[DATA]148,3,203.9790,428.5828,-11.2302,0.0000,-1.3428,0.47283983,-11.1636
[DATA]149,3,203.9790,428.5828,-11.2302,0.0000,-1.3428,0.47281619,-11.1632
[DATA]150,3,203.9790,428.5828,-11.2302,-1.0984,-1.3428,0.47279255,-11.1551
[DATA]151,3,203.9790,428.5828,-11.2302,-1.0984,-1.3540,0.47276891,-11.1631
[DATA]152,3,203.9790,428.5828,-11.2302,0.0000,-1.3651,0.47274527,-11.1625
[DATA]153,3,203.9790,428.5828,-11.2302,0.0000,-1.3651,0.47272163,-11.1621
[DATA]154,3,203.9790,428.5828,-11.2302,-1.0984,-1.3651,0.47269799,-11.1540
[DATA]155,3,203.9790,428.5828,-11.2302,-1.0984,-1.3763,0.47267436,-11.1619
[DATA]156,3,203.9790,428.5828,-11.2302,-1.0984,-1.3874,0.47265073,-11.1614
[DATA]157,3,203.9790,428.5828,-11.2302,0.0000,-1.3986,0.47262709,-11.1577
[DATA]158,3,203.9790,428.5828,-11.2302,-1.0984,-1.3986,0.47260346,-11.1610
[DATA]159,3,203.9790,428.5828,-11.2302,0.0000,-1.4098,0.47257983,-11.1572
[DATA]160,3,203.9790,428.5828,-11.2302,0.0000,-1.4098,0.47255620,-11.1604
[DATA]161,3,203.9790,428.5828,-11.2302,-1.0984,-1.4098,0.47253257,-11.1599
[DATA]162,3,203.9790,428.5828,-11.2302,0.0000,-1.4209,0.47250895,-11.1597
[DATA]163,3,203.9790,428.5828,-11.2302,-1.0984,-1.4209,0.47248532,-11.1593
[DATA]164,3,203.9790,428.5828,-11.2302,0.0000,-1.4321,0.47246170,-11.1591
[DATA]165,3,203.9790,428.5828,-11.2302,-1.0984,-1.4321,0.47243808,-11.1587
[DATA]166,3,203.9790,428.5828,-11.2302,-1.0984,-1.4432,0.47241445,-11.1586
[DATA]167,3,203.9790,428.5828,-11.2302,-1.0984,-1.4544,0.47239083,-11.1549
[DATA]168,3,203.9790,428.5828,-11.2302,0.0000,-1.4655,0.47236721,-11.1438
[DATA]169,3,203.9790,428.5828,-11.2302,0.0000,-1.4655,0.47234359,-11.1582
[DATA]170,3,203.9790,428.5828,-11.2302,0.0000,-1.4655,0.47231998,-11.1576
[DATA]171,3,203.9790,428.5828,-11.2302,-1.0984,-1.4655,0.47229636,-11.1571
[DATA]172,3,203.9790,428.5828,-11.2302,0.0000,-1.4767,0.47227275,-11.1569
[DATA]173,3,203.9790,428.5828,-11.2302,0.0000,-1.4767,0.47224913,-11.1565
[DATA]174,3,203.9790,428.5828,-11.2302,-1.0984,-1.4767,0.47222552,-11.1484
[DATA]175,3,203.9790,428.5828,-11.2302,-1.0984,-1.4878,0.47220191,-11.1564
[DATA]176,3,203.9790,428.5828,-11.2302,0.0000,-1.4990,0.47217830,-11.1558
[DATA]177,3,203.9790,428.5828,-11.2302,-1.0984,-1.4990,0.47215469,-11.1554
[DATA]1,4,516.0000,508.0000,0.3261,0.0000,0.0280,0.47213108,-11.1554
[DATA]2,4,516.0000,508.0000,0.3261,-0.2645,0.0280,0.47210748,0.3448
[DATA]3,4,516.0000,508.0000,0.3261,-0.2648,0.0283,0.47208387,0.3247
[DATA]4,4,516.0000,508.0000,0.3261,-0.2652,0.0286,0.47206027,0.3247
[DATA]5,4,516.0000,508.0000,0.3261,-0.2656,0.0290,0.47203666,0.3247
[DATA]6,4,516.0000,508.0000,0.3261,0.0000,0.0293,0.47201306,0.3247
[DATA]7,4,516.0000,508.0000,0.3261,-0.2660,0.0293,0.47198946,0.3457
[DATA]8,4,516.0000,508.0000,0.3261,-0.2664,0.0296,0.47196586,0.3247
[DATA]9,4,516.0000,508.0000,0.3261,-0.2667,0.0299,0.47194226,0.3247
[DATA]10,4,516.0000,508.0000,0.3261,-0.2671,0.0303,0.47191867,0.3247
[DATA]11,4,516.0000,508.0000,0.3261,-0.2675,0.0306,0.47189507,0.3246
[DATA]12,4,516.0000,508.0000,0.3261,-0.2679,0.0309,0.47187148,0.3246
[DATA]13,4,516.0000,508.0000,0.3261,0.0000,0.0312,0.47184788,0.3246
[DATA]14,4,516.0000,508.0000,0.3261,-0.2682,0.0312,0.47182429,0.3472
[DATA]15,4,516.0000,508.0000,0.3261,-0.2686,0.0316,0.47180070,0.3246
[DATA]16,4,516.0000,508.0000,0.3261,-0.2690,0.0319,0.47177711,0.3246
[DATA]17,4,516.0000,508.0000,0.3261,-0.2694,0.0322,0.47175352,0.3246
[DATA]18,4,516.0000,508.0000,0.3261,0.0000,0.0325,0.47172993,0.3245
[DATA]19,4,516.0000,508.0000,0.3261,-0.2697,0.0325,0.47170635,0.3481
[DATA]20,4,516.0000,508.0000,0.3261,-0.2701,0.0329,0.47168276,0.3245
[DATA]21,4,516.0000,508.0000,0.3261,-0.2705,0.0332,0.47165918,0.3245
[DATA]22,4,511.8733,507.6735,0.7056,-0.2535,0.0339,0.47163559,0.7039
[DATA]23,4,507.6261,507.0866,0.9716,0.0000,0.0349,0.47161201,0.9699
[DATA]24,4,503.2754,506.2491,0.8081,-0.2488,0.0349,0.47158843,0.8318
[DATA]25,4,499.0747,505.2301,0.5196,-0.2644,0.0354,0.47156485,0.5179
[DATA]26,4,494.7751,504.0558,0.1860,-0.2793,0.0356,0.47154127,0.1843
[DATA]27,4,490.4612,502.7878,-0.1485,-0.2934,0.0354,0.47151770,-0.1503
[DATA]28,4,486.1180,501.4402,-0.4569,0.0000,0.0350,0.47149412,-0.4587
[DATA]29,4,481.7314,500.0204,-0.7267,-0.3209,0.0350,0.47147055,-0.7037
[DATA]30,4,477.5947,498.5753,-0.9383,-0.2839,-0.1884,0.47144697,-1.1523
[DATA]31,4,473.3872,497.1028,-1.1257,-0.2949,-0.1895,0.47142340,-1.1163
[DATA]32,4,469.1458,495.5589,-1.2901,-0.3057,-0.1908,0.47139983,-1.2806
[DATA]33,4,464.8594,493.9521,-1.4401,-0.3164,-0.1922,0.47137626,-1.4306
[DATA]34,4,460.5175,492.3639,-1.5860,0.0000,-0.1938,0.47135269,-1.5764
[DATA]35,4,456.1091,490.8036,-1.7323,-0.3388,-0.1938,0.47132912,-1.7227
[DATA]36,4,451.9508,489.2529,-1.8642,0.0000,-0.1957,0.47130556,-1.8545
[DATA]37,4,447.7037,487.6878,-1.9989,0.0000,-0.1957,0.47128199,-1.9892
[DATA]38,4,443.7065,486.1468,-2.1219,-0.3698,-0.1957,0.47125843,-2.1118
[DATA]39,4,439.9594,484.6186,-2.2329,-0.3786,-0.1979,0.47123486,-2.2231
[DATA]40,4,436.0925,483.1107,-2.3509,-0.3881,-0.2002,0.47121130,-2.3410
[DATA]41,4,432.0970,481.5704,-2.4737,-0.3979,-0.2027,0.47118774,-2.4616
[DATA]42,4,427.9634,480.0286,-2.6033,-0.4083,-1.4975,0.47116418,-3.8232
[DATA]43,4,419.2422,476.9617,-2.8860,-0.4309,-1.5003,0.47114062,-2.8111
[DATA]44,4,414.6442,475.4767,-3.0416,-0.4433,-1.5033,0.47111707,-2.9666
[DATA]45,4,409.8654,473.9829,-3.2059,0.0000,-1.5064,0.47109351,-3.1307
[DATA]46,4,404.8932,472.5345,-3.3821,-0.4706,-1.5064,0.47106996,-3.3063
[DATA]47,4,400.1710,471.1256,-3.5477,-0.4838,-1.5099,0.47104640,-3.4724
[DATA]48,4,395.2282,469.7148,-3.7243,0.0000,-1.5135,0.47102285,-3.6488
[DATA]49,4,390.0516,468.3221,-3.9135,-0.5131,-1.5135,0.47099930,-3.8380
[DATA]50,4,385.1250,466.9410,-4.0908,0.0000,-1.5175,0.47097575,-4.0151
[DATA]51,4,379.9353,465.5447,-4.2805,0.0000,-1.5175,0.47095220,-4.2048
[DATA]52,4,374.9956,464.1577,-4.4581,-0.5566,-1.5175,0.47092865,-4.3815
[DATA]53,4,370.3060,462.8082,-4.6251,-0.5700,-1.5221,0.47090511,-4.5492
[DATA]54,4,365.3096,461.4442,-4.8067,0.0000,-1.5268,0.47088156,-4.7306
[DATA]55,4,359.9933,460.1084,-5.0058,-0.6005,-1.5268,0.47085802,-4.9296
[DATA]56,4,354.9269,458.7862,-5.1930,-0.6154,-1.5319,0.47083447,-5.1166
[DATA]57,4,349.5102,457.4586,-5.3974,0.0000,-1.5373,0.47081093,-5.3167
[DATA]58,4,343.7279,456.1334,-5.6203,0.0000,-1.5373,0.47078739,-5.5439
[DATA]59,4,338.1957,454.8170,-5.8311,-0.6665,-1.5373,0.47076385,-5.7544
[DATA]60,4,332.9135,453.5519,-6.0319,0.0000,-1.5432,0.47074031,-5.9551
[DATA]61,4,327.2148,452.3209,-6.2553,-0.7004,-1.5432,0.47071678,-6.1784
[DATA]62,4,321.7661,451.0833,-6.4659,0.0000,-1.5496,0.47069324,-6.3887
[DATA]63,4,315.8669,449.8467,-6.6990,-0.7359,-1.5496,0.47066971,-6.6217
[DATA]64,4,310.2178,448.6538,-6.9218,-0.7537,-1.5565,0.47064617,-6.8443
[DATA]65,4,304.0827,447.4846,-7.1701,0.0000,-1.5635,0.47062264,-7.0877
[DATA]66,4,297.4439,446.3507,-7.4453,0.0000,-1.5635,0.47059911,-7.3678
[DATA]67,4,291.0551,445.2063,-7.7076,-0.8166,-1.5635,0.47057558,-7.6296
[DATA]68,4,284.9163,444.0814,-7.9583,0.0000,-1.5714,0.47055205,-7.8801
[DATA]69,4,278.2109,442.9862,-8.2388,0.0000,-1.5714,0.47052852,-8.1604
[DATA]70,4,271.7555,441.9082,-8.5076,-0.8806,-1.5714,0.47050500,-8.4257
[DATA]71,4,265.5500,440.8315,-8.7641,-0.9011,-1.5801,0.47048147,-8.6855
[DATA]72,4,258.7140,439.7862,-9.0536,0.0000,-1.5891,0.47045795,-8.9746
[DATA]73,4,251.2269,438.7271,-9.3750,-0.9500,-1.5891,0.47043442,-9.2958
[DATA]74,4,243.9897,437.6964,-9.6853,0.0000,-1.5987,0.47041090,-9.6059
[DATA]75,4,236.0526,436.6845,-10.0316,-1.0025,-1.5987,0.47038738,-9.9520
[DATA]76,4,228.3654,435.6810,-10.3658,0.0000,-1.6090,0.47036386,-10.2858
[DATA]77,4,219.9258,434.6975,-10.7386,-1.0591,-1.6090,0.47034034,-10.6585
[DATA]78,4,211.7361,433.7239,-11.0994,0.0000,-1.6200,0.47031683,-11.0189
[DATA]79,4,202.7373,432.7647,-11.5014,-1.1201,-1.6200,0.47029331,-11.4207
[DATA]80,4,193.9886,431.8193,-11.8915,-1.1513,-1.6318,0.47026980,-11.8105
[DATA]81,4,184.3697,430.8785,-12.3254,0.0000,-1.6440,0.47024628,-12.2370
[DATA]82,4,173.8495,429.9636,-12.8057,0.0000,-1.6440,0.47022277,-12.7245
[DATA]83,4,163.5793,429.0640,-13.2742,0.0000,-1.6440,0.47019926,-13.1924
[DATA]84,4,153.5591,428.1644,-13.7303,-1.2984,-1.6440,0.47017575,-13.6416
[DATA]85,4,143.7889,427.2578,-14.1734,-1.3339,-1.6581,0.47015224,-14.0912
[DATA]86,4,132.9703,426.3797,-14.6705,-1.3736,-1.6727,0.47012873,-14.5876
[DATA]87,4,121.0678,425.4973,-15.2215,0.0000,-1.6878,0.47010523,-15.1297
[DATA]88,4,108.0417,424.6114,-15.8285,0.0000,-1.6878,0.47008172,-15.7453
[DATA]89,4,95.2656,423.7358,-16.4235,-1.5139,-1.6878,0.47005822,-16.3395
[DATA]90,4,82.7394,422.8764,-17.0068,0.0000,-1.7048,0.47003471,-16.9225
[DATA]91,4,68.9494,422.0301,-17.6540,-1.6123,-1.7048,0.47001121,-17.5692
[DATA]92,4,55.4094,421.2085,-18.2900,-1.6632,-1.7230,0.46998771,-18.2047
[DATA]93,4,52.0000,420.4017,-18.4201,-1.6736,-1.7413,0.46996421,-18.3252
[DATA]94,4,60.5217,419.5916,-17.9535,0.0000,-1.7591,0.46994071,-17.8403
[DATA]95,4,67.6198,418.7810,-17.5581,0.0000,-1.7591,0.46991722,-17.4724
[DATA]96,4,74.9679,417.9870,-17.1510,-1.5721,-1.7591,0.46989372,-17.0644
[DATA]97,4,82.5659,417.1954,-16.7315,-1.5385,-1.7758,0.46987023,-16.6332
[DATA]98,4,88.8419,416.4151,-16.3787,0.0000,-1.7920,0.46984673,-16.2638
[DATA]99,4,93.8294,415.6614,-16.0916,-1.4873,-1.7920,0.46982324,-16.0042
[DATA]100,4,103.0671,414.1860,-15.5559,0.0000,-1.8075,0.46979975,-15.4400
[DATA]101,4,105.8299,413.4698,-15.3820,-1.4306,-1.8075,0.46977626,-15.2938
[DATA]102,4,108.8427,412.7440,-15.1951,0.0000,-1.8226,0.46975277,-15.0782
[DATA]103,4,110.6750,412.0146,-15.0670,0.0000,-1.8226,0.46972928,-14.9780
[DATA]104,4,112.7573,411.2823,-14.9262,0.0000,-1.8226,0.46970580,-14.8365
[DATA]105,4,115.0896,410.5514,-14.7731,0.0000,-1.8226,0.46968231,-14.6826
[DATA]106,4,117.6719,409.8326,-14.6080,-1.3686,-1.8226,0.46965883,-14.5153
[DATA]107,4,120.5041,409.1433,-14.4320,-1.3546,-1.8369,0.46963535,-14.3408
[DATA]108,4,122.2178,408.4628,-14.3123,0.0000,-1.8511,0.46961186,-14.2204
[DATA]109,4,122.8268,407.7940,-14.2484,-1.3399,-1.8511,0.46958838,-14.1564
[DATA]110,4,123.6859,407.1480,-14.1731,0.0000,-1.8652,0.46956490,-14.0805
[DATA]111,4,123.4551,406.5228,-14.1534,0.0000,-1.8652,0.46954143,-14.0607
[DATA]112,4,123.4743,405.9028,-14.1214,-1.3297,-1.8652,0.46951795,-14.0265
[DATA]113,4,123.7435,405.2987,-14.0778,-1.3262,-1.8792,0.46949447,-13.9845
[DATA]114,4,122.9330,404.7013,-14.0884,0.0000,-1.8932,0.46947100,-13.9945
[DATA]115,4,121.0463,404.0958,-14.1525,0.0000,-1.8932,0.46944752,-14.0584
[DATA]116,4,119.4096,403.4973,-14.2044,-1.3364,-1.8932,0.46942405,-14.1080
[DATA]117,4,118.0228,402.8924,-14.2435,-1.3395,-1.9073,0.46940058,-14.1488
[DATA]118,4,115.5498,402.2946,-14.3372,0.0000,-1.9216,0.46937711,-14.2419
[DATA]119,4,111.9872,401.7150,-14.4864,-1.3589,-1.9216,0.46935364,-14.3909
[DATA]120,4,108.6746,401.1430,-14.6234,-1.3699,-1.9361,0.46933017,-14.5273
[DATA]121,4,104.2532,400.5757,-14.8161,0.0000,-1.9508,0.46930671,-14.7073
[DATA]122,4,98.7118,400.0082,-15.0648,0.0000,-1.9508,0.46928324,-14.9686
[DATA]123,4,93.4205,399.4579,-15.3019,-1.4241,-1.9508,0.46925978,-15.2049
[DATA]124,4,88.3791,398.9022,-15.5262,0.0000,-1.9662,0.46923631,-15.4286
[DATA]125,4,82.1636,398.3536,-15.8095,-1.4648,-1.9662,0.46921285,-15.7118
[DATA]126,4,76.1982,397.8199,-16.0811,-1.4865,-1.9822,0.46918939,-15.9828
[DATA]127,4,69.0179,397.3015,-16.4142,0.0000,-1.9985,0.46916593,-16.3028
[DATA]128,4,60.6012,396.7984,-16.8099,0.0000,-1.9985,0.46914247,-16.7114
[DATA]129,4,60.6012,396.7984,-16.8099,0.0000,-1.9985,0.46911902,-16.7106
[DATA]130,4,60.6012,396.7984,-16.8099,-1.5448,-1.9985,0.46909556,-16.7057
[DATA]131,4,60.6012,396.7984,-16.8099,0.0000,-2.0152,0.46907211,-16.7099
[DATA]132,4,60.6012,396.7984,-16.8099,-1.5448,-2.0152,0.46904865,-16.7049
[DATA]133,4,60.6012,396.7984,-16.8099,-1.5448,-2.0319,0.46902520,-16.7091
[DATA]134,4,60.6012,396.7984,-16.8099,0.0000,-2.0486,0.46900175,-16.7083
[DATA]135,4,60.6012,396.7984,-16.8099,-1.5448,-2.0486,0.46897830,-16.7081
[DATA]136,4,60.6012,396.7984,-16.8099,-1.5448,-2.0653,0.46895485,-16.7074
[DATA]137,4,60.6012,396.7984,-16.8099,0.0000,-2.0820,0.46893140,-16.6947
[DATA]138,4,60.6012,396.7984,-16.8099,0.0000,-2.0820,0.46890796,-16.7072
[DATA]139,4,60.6012,396.7984,-16.8099,0.0000,-2.0820,0.46888451,-16.7064
[DATA]140,4,60.6012,396.7984,-16.8099,-1.5448,-2.0820,0.46886107,-16.7015
[DATA]141,4,60.6012,396.7984,-16.8099,-1.5448,-2.0987,0.46883762,-16.7058
[DATA]142,4,60.6012,396.7984,-16.8099,0.0000,-2.1155,0.46881418,-16.7049
[DATA]143,4,60.6012,396.7984,-16.8099,-1.5448,-2.1155,0.46879074,-16.7047
[DATA]144,4,60.6012,396.7984,-16.8099,-1.5448,-2.1322,0.46876730,-16.7041
[DATA]145,4,60.6012,396.7984,-16.8099,0.0000,-2.1488,0.46874386,-16.6914
[DATA]146,4,60.6012,396.7984,-16.8099,-1.5448,-2.1488,0.46872043,-16.7039
[DATA]147,4,60.6012,396.7984,-16.8099,-1.5448,-2.1655,0.46869699,-16.6906
[DATA]148,4,60.6012,396.7984,-16.8099,0.0000,-2.1822,0.46867355,-16.6739
[DATA]149,4,60.6012,396.7984,-16.8099,-1.5448,-2.1822,0.46865012,-16.7030
[DATA]150,4,60.6012,396.7984,-16.8099,0.0000,-2.1989,0.46862669,-16.6731
[DATA]151,4,60.6012,396.7984,-16.8099,0.0000,-2.1989,0.46860326,-16.7022
[DATA]152,4,60.6012,396.7984,-16.8099,0.0000,-2.1989,0.46857983,-16.7014
[DATA]153,4,60.6012,396.7984,-16.8099,0.0000,-2.1989,0.46855640,-16.7005
[DATA]154,4,60.6012,396.7984,-16.8099,0.0000,-2.1989,0.46853297,-16.6956
[DATA]155,4,60.6012,396.7984,-16.8099,-1.5448,-2.1989,0.46850954,-16.6789
[DATA]156,4,60.6012,396.7984,-16.8099,-1.5448,-2.2156,0.46848612,-16.6999
[DATA]157,4,60.6012,396.7984,-16.8099,-1.5448,-2.2323,0.46846269,-16.6991
[DATA]158,4,60.6012,396.7984,-16.8099,-1.5448,-2.2490,0.46843927,-16.6982
[DATA]159,4,60.6012,396.7984,-16.8099,0.0000,-2.2657,0.46841585,-16.6856
[DATA]160,4,60.6012,396.7984,-16.8099,0.0000,-2.2657,0.46839243,-16.6980
[DATA]161,4,60.6012,396.7984,-16.8099,-1.5448,-2.2657,0.46836901,-16.6972
[DATA]162,4,60.6012,396.7984,-16.8099,0.0000,-2.2824,0.46834559,-16.6966
[DATA]163,4,60.6012,396.7984,-16.8099,-1.5448,-2.2824,0.46832217,-16.6964
[DATA]164,4,60.6012,396.7984,-16.8099,0.0000,-2.2991,0.46829876,-16.6957
[DATA]165,4,60.6012,396.7984,-16.8099,-1.5448,-2.2991,0.46827534,-16.6955
[DATA]166,4,60.6012,396.7984,-16.8099,-1.5448,-2.3158,0.46825193,-16.6949
[DATA]167,4,60.6012,396.7984,-16.8099,0.0000,-2.3324,0.46822852,-16.6823
[DATA]168,4,60.6012,396.7984,-16.8099,0.0000,-2.3324,0.46820510,-16.6947
[DATA]169,4,60.6012,396.7984,-16.8099,-1.5448,-2.3324,0.46818169,-16.6939
[DATA]170,4,60.6012,396.7984,-16.8099,-1.5448,-2.3491,0.46815828,-16.6932
[DATA]171,4,60.6012,396.7984,-16.8099,-1.5448,-2.3658,0.46813488,-16.6806
[DATA]172,4,60.6012,396.7984,-16.8099,0.0000,-2.3825,0.46811147,-16.6640
[DATA]173,4,60.6012,396.7984,-16.8099,0.0000,-2.3825,0.46808806,-16.6930
[DATA]174,4,60.6012,396.7984,-16.8099,0.0000,-2.3825,0.46806466,-16.6922
[DATA]175,4,60.6012,396.7984,-16.8099,-1.5448,-2.3825,0.46804126,-16.6914
[DATA]176,4,60.6012,396.7984,-16.8099,0.0000,-2.3992,0.46801785,-16.6907