[HEADER]TICK,EPISODE,BAR_POS,FISH_POS,REWARD,FORCE,Q_HOLD,EPSILON,TD_ERROR
Connected to C# server at 127.0.0.1:8080 (Q-Learning Agent)

Controller: HOOK!

Controller: HOOK!

Controller: HOOK!

Controller: HOOK!

Controller: HOOK!

Controller: HOOK!

Controller: HOOK!

Controller: HOOK!

Controller: HOOK!

Controller: HOOK!

Controller: HOOK!

Controller: HOOK!

Controller: HOOK!

Controller: HOOK!

Controller: HOOK!

Controller: HOOK!

Controller: HOOK!

Controller: HOOK!

Controller: HOOK!

Controller: HOOK!

Controller: HOOK!

Controller: HOOK!

Controller: HOOK!

Controller: HOOK!

Controller: HOOK!

Controller: HOOK!

Controller: HOOK!

Controller: HOOK!

Controller: HOOK!

Controller: HOOK!

Controller: HOOK!

Controller: HOOK!

Controller: HOOK!

Controller: HOOK!

Controller: HOOK!

Controller: HOOK!

Controller: HOOK!

Controller: HOOK!

Controller: HOOK!

Controller: HOOK!

Controller: HOOK!

Controller: HOOK!

Controller: HOOK!

Controller: HOOK!

Controller: HOOK!

Controller: HOOK!

Controller: HOOK!

Controller: HOOK!

Controller: HOOK!

Controller: HOOK!

Controller: HOOK!

Controller: HOOK!

Controller: HOOK!

Controller: HOOK!
[DATA]1,0,259.9605,332.7490,0.1829,0.0000,0.0000,0.49997500,0.0000
[DATA]2,0,520.0000,508.0000,0.8869,0.0000,0.0000,0.49995000,0.8869
[DATA]3,0,520.0000,508.0000,0.8869,-0.2950,0.0000,0.49992500,0.8869
[DATA]4,0,520.0000,508.0000,0.8869,-0.2950,0.0009,0.49990001,0.8878
[DATA]5,0,520.0000,508.0000,0.8869,-0.2950,0.0018,0.49987501,0.8869
[DATA]6,0,520.0000,508.0000,0.8869,0.0000,0.0027,0.49985002,0.8868
[DATA]7,0,520.0000,508.0000,0.8869,-0.2950,0.0027,0.49982503,0.8886
[DATA]8,0,520.0000,508.0000,0.8869,-0.2949,0.0035,0.49980003,0.8868
[DATA]9,0,520.0000,508.0000,0.8869,-0.2949,0.0044,0.49977504,0.8867
[DATA]10,0,520.0000,508.0000,0.8869,-0.2949,0.0053,0.49975006,0.8867
[DATA]11,0,520.0000,508.0000,0.8869,-0.2949,0.0062,0.49972507,0.8867
[DATA]12,0,520.0000,508.0000,0.8869,-0.2949,0.0071,0.49970008,0.8866
[DATA]13,0,520.0000,508.0000,0.8869,-0.2949,0.0080,0.49967510,0.8866
[DATA]14,0,520.0000,508.0000,0.8869,-0.2949,0.0089,0.49965011,0.8865
[DATA]15,0,520.0000,508.0000,0.8869,-0.2949,0.0098,0.49962513,0.8865
[DATA]16,0,520.0000,508.0000,0.8869,-0.2948,0.0106,0.49960015,0.8864
[DATA]17,0,520.0000,508.0000,0.8869,0.0000,0.0115,0.49957517,0.8864
[DATA]18,0,520.0000,508.0000,0.8869,-0.2948,0.0115,0.49955019,0.8961
[DATA]19,0,520.0000,508.0000,0.8869,-0.2948,0.0124,0.49952521,0.8863
[DATA]20,0,520.0000,508.0000,0.8869,-0.2948,0.0133,0.49950024,0.8863
[DATA]21,0,515.1364,507.7408,0.9287,0.0000,0.0142,0.49947526,0.9280
[DATA]22,0,510.1281,507.2270,0.9714,-0.2607,0.0142,0.49945029,0.9823
[DATA]23,0,505.2697,506.5529,0.9873,-0.2546,0.0152,0.49942532,0.9865
[DATA]24,0,500.3007,505.7547,0.9469,-0.2702,0.0162,0.49940034,0.9462
[DATA]25,0,495.3271,504.8254,0.9094,-0.2854,0.0171,0.49937537,0.9086
[DATA]26,0,490.3333,503.7898,0.8741,-0.3002,0.0179,0.49935041,0.8732
[DATA]27,0,485.3041,502.6912,0.8404,-0.3149,0.0188,0.49932544,0.8395
[DATA]28,0,480.2248,501.5642,0.8078,0.0000,0.0000,0.49930047,0.7891
[DATA]29,0,475.0805,500.4090,0.7762,0.0000,0.0000,0.49927551,0.7762
[DATA]30,0,469.8713,499.2163,0.7457,0.0000,0.0000,0.49925054,0.7456
[DATA]31,0,464.9121,498.0135,0.4182,0.0000,0.0000,0.49922558,0.4181
[DATA]32,0,455.7437,495.5022,0.3719,-0.3991,0.0000,0.49920062,0.3718
[DATA]33,0,451.5345,494.2321,0.3525,0.0000,0.0004,0.49917566,0.3547
[DATA]34,0,447.1762,492.9557,0.3327,0.0000,0.0004,0.49915070,0.3326
[DATA]35,0,443.0679,491.6968,0.3149,0.0000,0.0004,0.49912574,0.3148
[DATA]36,0,439.2096,490.4228,0.2992,0.0000,0.0000,0.49910079,0.2971
[DATA]37,0,435.6013,489.1636,0.2853,0.0000,0.0000,0.49907583,0.2853
[DATA]38,0,432.2430,487.9107,0.2731,-0.4588,0.0000,0.49905088,0.2731
[DATA]39,0,429.1346,486.6816,0.2624,0.0000,0.0003,0.49902593,0.2638
[DATA]40,0,425.8176,485.4407,0.2509,-0.4736,0.0003,0.49900097,0.2508
[DATA]41,0,422.7505,484.2265,0.2408,-0.4805,0.0005,0.49897602,0.2421
[DATA]42,0,419.4599,483.0316,0.2296,-0.4884,0.0007,0.49895108,0.2307
[DATA]43,0,415.9388,481.8301,0.2174,0.0000,0.0010,0.49892613,0.2183
[DATA]44,0,412.1792,480.6457,0.2043,0.0000,0.0010,0.49890118,0.2042
[DATA]45,0,408.6696,479.4980,0.1925,-0.5156,0.0010,0.49887624,0.1924
[DATA]46,0,405.4101,478.3569,0.1822,0.0000,0.0011,0.49885129,0.1832
[DATA]47,0,401.8850,477.2129,0.1708,0.0000,0.0011,0.49882635,0.1707
[DATA]48,0,398.6098,476.1006,0.1607,0.0000,0.0011,0.49880141,0.1606
[DATA]49,0,395.5847,475.0180,0.1519,0.0000,0.0011,0.49877647,0.1518
[DATA]50,0,392.8095,473.9369,0.1443,0.0000,0.0011,0.49875153,0.1442
[DATA]51,0,390.2844,472.8667,0.1379,-0.5597,0.0011,0.49872659,0.1377
[DATA]52,0,388.0092,471.7928,0.1326,0.0000,0.0013,0.49870166,0.1342
[DATA]53,0,385.4244,470.7376,0.1261,0.0000,0.0013,0.49867672,0.1259
[DATA]54,0,383.0896,469.6999,0.1206,0.0000,0.0013,0.49865179,0.1204
[DATA]55,0,381.0048,468.6885,0.1161,-0.5788,0.0013,0.49862685,0.1159
[DATA]56,0,379.1700,467.6859,0.1126,0.0000,0.0014,0.49860192,0.1144
[DATA]57,0,377.0064,466.6813,0.1079,0.0000,0.0014,0.49857699,0.1077
[DATA]58,0,375.0928,465.6888,0.1042,-0.5897,0.0014,0.49855206,0.1040
[DATA]59,0,373.4292,464.7219,0.1013,0.0000,0.0015,0.49852714,0.1032
[DATA]60,0,369.6725,462.7805,0.0941,-0.5991,0.0015,0.49850221,0.0940
[DATA]61,0,369.6725,462.7805,0.0941,0.0000,0.0016,0.49847729,0.0960
[DATA]62,0,366.3167,460.9305,0.0882,0.0000,0.0016,0.49845236,0.0881
[DATA]63,0,364.7143,460.0199,0.0856,0.0000,0.0016,0.49842744,0.0854
[DATA]64,0,364.7143,460.0199,0.0856,0.0000,0.0016,0.49840252,0.0854
[DATA]65,0,362.2594,458.2093,0.0831,0.0000,0.0016,0.49837760,0.0829
[DATA]66,0,362.2594,458.2093,0.0831,0.0000,0.0016,0.49835268,0.0829
[DATA]67,0,360.8045,456.4771,0.0841,0.0000,0.0016,0.49832776,0.0840
[DATA]68,0,360.4521,455.6268,0.0861,0.0000,0.0016,0.49830284,0.0859
[DATA]69,0,360.3496,454.7980,0.0889,-0.6042,0.0016,0.49827793,0.0887
[DATA]70,0,360.4972,453.9750,0.0927,0.0000,0.0017,0.49825302,0.0951
[DATA]71,0,360.2906,453.1585,0.0951,0.0000,0.0017,0.49822810,0.0949
[DATA]72,0,360.3340,452.3633,0.0984,0.0000,0.0017,0.49820319,0.0982
[DATA]73,0,360.6273,451.5839,0.1027,0.0000,0.0017,0.49817828,0.1025
[DATA]74,0,361.1707,450.8076,0.1080,0.0000,0.0017,0.49815337,0.1078
[DATA]75,0,361.9641,450.0435,0.1145,0.0000,0.0017,0.49812846,0.1142
[DATA]76,0,363.0075,449.2682,0.1221,0.0000,0.0017,0.49810356,0.1218
[DATA]77,0,364.3009,448.4916,0.1309,0.0000,0.0017,0.49807865,0.1306
[DATA]78,0,365.8443,447.7121,0.1410,0.0000,0.0017,0.49805375,0.1408
[DATA]79,0,367.6377,446.9506,0.1524,-0.5474,0.0017,0.49802885,0.1522
[DATA]80,0,369.6811,446.2037,0.1652,0.0000,0.0018,0.49800394,0.1686
[DATA]81,0,371.4271,445.4797,0.1769,0.0000,0.0018,0.49797904,0.1766
[DATA]82,0,373.4231,444.7645,0.1900,0.0000,0.0018,0.49795415,0.1897
[DATA]83,0,375.6691,444.0394,0.2047,0.0000,0.0018,0.49792925,0.2045
[DATA]84,0,378.1651,443.3293,0.2212,0.0000,0.0018,0.49790435,0.2209
[DATA]85,0,380.9111,442.6356,0.2394,0.0000,0.0018,0.49787946,0.2391
[DATA]86,0,383.9071,441.9576,0.2596,0.0000,0.0018,0.49785456,0.2593
[DATA]87,0,387.1531,441.2693,0.2821,0.0000,0.0018,0.49782967,0.2817
[DATA]88,0,390.6491,440.5797,0.3070,0.0000,0.0004,0.49780478,0.3032
[DATA]89,0,394.3951,439.9013,0.3344,0.0000,0.0004,0.49777989,0.3342
[DATA]90,0,398.3911,439.2363,0.3647,-0.4032,0.0004,0.49775500,0.3645
[DATA]91,0,402.6372,438.5718,0.3981,0.0000,0.0008,0.49773011,0.4015
[DATA]92,0,406.7300,437.9280,0.4320,0.0000,0.0008,0.49770522,0.4318
[DATA]93,0,411.0728,437.2961,0.7693,0.0000,0.0008,0.49768034,0.7691
[DATA]94,0,415.6657,436.6658,0.8106,0.0000,0.0008,0.49765546,0.8103
[DATA]95,0,420.5085,436.0486,0.8561,-0.3080,0.0196,0.49763057,0.8687
[DATA]96,0,425.6013,435.4420,0.9063,-0.2866,0.0205,0.49760569,0.9053
[DATA]97,0,430.6362,434.8376,0.9589,-0.2654,0.0214,0.49758081,0.9578
[DATA]98,0,435.5344,434.2276,0.9870,0.0000,0.0224,0.49755593,0.9859
[DATA]99,0,440.3173,433.6175,0.9352,-0.2748,0.0224,0.49753105,0.9528
[DATA]100,0,445.2501,433.0158,0.8848,-0.2955,0.0233,0.49750618,0.8837
[DATA]101,0,450.0581,432.4258,0.8383,0.0000,0.0241,0.49748130,0.8372
[DATA]102,0,454.7206,431.8348,0.7954,0.0000,0.0000,0.49745643,0.7908
[DATA]103,0,459.5331,431.2625,0.7537,-0.3560,0.0000,0.49743156,0.7537
[DATA]104,0,464.4956,430.6975,0.4132,-0.3767,0.0004,0.49740668,0.4139
[DATA]105,0,469.2521,430.1443,0.3763,-0.3966,0.0008,0.49738181,0.3766
[DATA]106,0,478.0650,429.0479,0.3125,-0.4338,0.0011,0.49735694,0.3125
[DATA]107,0,482.1015,428.4940,0.2850,0.0000,0.0000,0.49733208,0.2839
[DATA]108,0,485.8542,427.9583,0.2605,0.0000,0.0000,0.49730721,0.2605
[DATA]109,0,489.7568,427.4228,0.2362,0.0000,0.0000,0.49728234,0.2361
[DATA]110,0,493.8095,426.8992,0.2122,0.0000,0.0000,0.49725748,0.2121
[DATA]111,0,498.1122,426.3840,0.1881,-0.5190,0.0000,0.49723262,0.1880
[DATA]112,0,502.6649,425.8789,0.1640,0.0000,0.0002,0.49720776,0.1649
[DATA]113,0,506.9486,425.3858,0.1424,0.0000,0.0002,0.49718290,0.1423
[DATA]114,0,511.4822,424.9043,0.1207,0.0000,0.0002,0.49715804,0.1207
[DATA]115,0,516.2659,424.4196,0.0991,-0.5944,0.0002,0.49713318,0.0991
[DATA]116,0,520.0000,423.9485,0.0827,0.0000,0.0002,0.49710832,0.0837
[DATA]117,0,516.2998,423.4848,0.0953,0.0000,0.0002,0.49708347,0.0952
[DATA]118,0,512.8496,423.0252,0.1073,-0.5868,0.0002,0.49705861,0.1072
[DATA]119,0,509.6493,422.5719,0.1186,0.0000,0.0004,0.49703376,0.1198
[DATA]120,0,506.1123,422.1196,0.1317,0.0000,0.0004,0.49700891,0.1317
[DATA]121,0,502.8252,421.6758,0.1442,0.0000,0.0004,0.49698406,0.1441
[DATA]122,0,499.7882,421.2279,0.1558,0.0000,0.0004,0.49695921,0.1558
[DATA]123,0,497.0011,420.7904,0.1667,0.0000,0.0004,0.49693436,0.1666
[DATA]124,0,494.4641,420.3629,0.1766,0.0000,0.0004,0.49690951,0.1765
[DATA]125,0,492.1770,419.9323,0.1856,0.0000,0.0004,0.49688467,0.1855
[DATA]126,0,490.1400,419.5024,0.1934,-0.5149,0.0004,0.49685982,0.1933
[DATA]127,0,488.3529,419.0719,0.2002,0.0000,0.0006,0.49683498,0.2023
[DATA]128,0,486.3010,418.6410,0.2083,0.0000,0.0006,0.49681014,0.2082
[DATA]129,0,484.4991,418.2240,0.2154,0.0000,0.0006,0.49678530,0.2153
[DATA]130,0,482.9471,417.8099,0.2213,-0.4943,0.0006,0.49676046,0.2212
[DATA]131,0,481.6452,417.4026,0.2260,0.0000,0.0008,0.49673562,0.2285
[DATA]132,0,480.0990,417.0033,0.2321,0.0000,0.0008,0.49671078,0.2319
[DATA]133,0,478.7028,416.6136,0.2375,0.0000,0.0008,0.49668595,0.2373
[DATA]134,0,477.4566,416.2337,0.2421,0.0000,0.0008,0.49666111,0.2420
[DATA]135,0,475.4142,415.4772,0.2492,0.0000,0.0008,0.49663628,0.2490
[DATA]136,0,475.4142,415.4772,0.2492,0.0000,0.0008,0.49661145,0.2489
[DATA]137,0,473.9718,414.7461,0.2531,-0.4721,0.0008,0.49658662,0.2529
[DATA]138,0,473.4756,414.3924,0.2539,0.0000,0.0011,0.49656179,0.2576
[DATA]139,0,473.4756,414.3924,0.2539,-0.4715,0.0011,0.49653696,0.2536
[DATA]140,0,471.9890,413.6902,0.2582,0.0000,0.0013,0.49651213,0.2619
[DATA]141,0,470.9992,413.3488,0.2619,0.0000,0.0013,0.49648731,0.2616
[DATA]142,0,470.1594,413.0031,0.2646,-0.4643,0.0013,0.49646248,0.2644
[DATA]143,0,469.4696,412.6565,0.2666,-0.4630,0.0016,0.49643766,0.2705
[DATA]144,0,468.4654,412.3205,0.2704,-0.4605,0.0019,0.49641284,0.2740
[DATA]145,0,467.1483,411.9925,0.2761,0.0000,0.0021,0.49638802,0.2794
[DATA]146,0,465.5206,411.6609,0.2836,-0.4519,0.0021,0.49636320,0.2833
[DATA]147,0,464.0429,411.3372,0.2903,0.0000,0.0024,0.49633838,0.2937
[DATA]148,0,462.2632,411.0185,0.2990,0.0000,0.0024,0.49631356,0.2987
[DATA]149,0,460.6336,410.6990,0.3069,-0.4372,0.0014,0.49628875,0.3022
[DATA]150,0,459.1540,410.3782,0.3140,-0.4329,0.0017,0.49626393,0.3139
[DATA]151,0,457.3872,410.0570,0.3229,-0.4275,0.0020,0.49623912,0.3229
[DATA]152,0,455.3374,409.7437,0.3339,-0.4209,0.0024,0.49621431,0.3338
[DATA]153,0,453.0102,409.4330,0.3468,-0.4134,0.0027,0.49618950,0.3466
[DATA]154,0,450.4121,409.1251,0.3617,-0.4048,0.0031,0.49616469,0.3616
[DATA]155,0,447.5505,408.8250,0.3789,0.0000,0.0034,0.49613988,0.3788
[DATA]156,0,444.4342,408.5248,0.3983,-0.3846,0.0034,0.49611507,0.4008
[DATA]157,0,441.4679,408.2239,0.4172,-0.3746,0.0039,0.49609027,0.4170
[DATA]158,0,438.2670,407.9302,0.4383,-0.3637,0.0043,0.49606546,0.4381
[DATA]159,0,434.8415,407.6400,0.7618,0.0000,0.0051,0.49604066,0.7616
[DATA]160,0,431.2023,407.3506,0.7878,-0.3394,0.0051,0.49601586,0.7914
[DATA]161,0,427.7131,407.0604,0.8134,-0.3274,0.0059,0.49599106,0.8132
[DATA]162,0,424.0345,406.7724,0.8415,-0.3144,0.0241,0.49596626,0.8585
[DATA]163,0,420.1786,406.4868,0.8720,-0.3010,0.0250,0.49594146,0.8708
[DATA]164,0,416.1583,406.2063,0.9053,-0.2869,0.0259,0.49591666,0.9040
[DATA]165,0,411.9870,405.9293,0.9412,-0.2723,0.0269,0.49589187,0.9399
[DATA]166,0,403.2483,405.3947,0.9788,0.0000,0.0278,0.49586707,0.9774
[DATA]167,0,403.2483,405.3947,0.9788,-0.2576,0.0278,0.49584228,0.9998
[DATA]168,0,398.6955,405.1319,0.9377,-0.2737,0.0288,0.49581749,0.9363
[DATA]169,0,394.1350,404.8782,0.8981,-0.2898,0.0297,0.49579270,0.8967
[DATA]170,0,389.5509,404.6263,0.8601,-0.3061,0.0305,0.49576791,0.8586
[DATA]171,0,384.9430,404.3741,0.8234,-0.3224,0.0313,0.49574312,0.8219
[DATA]172,0,375.5427,403.8812,0.7532,0.0000,0.0008,0.49571833,0.7284
[DATA]173,0,370.7339,403.6386,0.4196,0.0000,0.0008,0.49569354,0.4193
[DATA]174,0,366.1752,403.3980,0.3892,-0.3896,0.0008,0.49566876,0.3888
[DATA]175,0,361.8665,403.1655,0.3617,0.0000,0.0011,0.49564398,0.3682
[DATA]176,0,357.4182,402.9329,0.3344,0.0000,0.0011,0.49561919,0.3340
[DATA]177,0,353.2199,402.7078,0.3096,0.0000,0.0011,0.49559441,0.3092
[DATA]178,0,349.2715,402.4805,0.2874,-0.4495,0.0018,0.49556963,0.2859
[DATA]179,0,345.5732,402.2581,0.2673,0.0000,0.0021,0.49554486,0.2723
[DATA]180,0,341.6754,402.0420,0.2468,0.0000,0.0021,0.49552008,0.2464
[DATA]181,0,338.0276,401.8291,0.2283,0.0000,0.0021,0.49549530,0.2280
[DATA]182,0,334.6298,401.6187,0.2118,0.0000,0.0021,0.49547053,0.2114
[DATA]183,0,331.4819,401.4075,0.1970,-0.5122,0.0021,0.49544575,0.1966
[DATA]184,0,328.5841,401.2022,0.1838,0.0000,0.0023,0.49542098,0.1893
[DATA]185,0,325.4241,400.9965,0.1697,0.0000,0.0023,0.49539621,0.1693
[DATA]186,0,322.5141,400.7910,0.1571,0.0000,0.0023,0.49537144,0.1567
[DATA]187,0,319.8541,400.5893,0.1460,0.0000,0.0023,0.49534667,0.1456
[DATA]188,0,317.4441,400.3906,0.1363,0.0000,0.0023,0.49532190,0.1359
[DATA]189,0,315.2841,400.1962,0.1278,-0.5684,0.0023,0.49529714,0.1274
[DATA]190,0,313.3741,400.0062,0.1205,0.0000,0.0024,0.49527237,0.1265
[DATA]191,0,311.1457,399.8169,0.1120,0.0000,0.0024,0.49524761,0.1116
[DATA]192,0,309.1673,399.6302,0.1047,0.0000,0.0024,0.49522285,0.1042
[DATA]193,0,307.4389,399.4448,0.0985,-0.5950,0.0024,0.49519809,0.0980
[DATA]194,0,305.9605,399.2612,0.0934,0.0000,0.0025,0.49517333,0.0996
[DATA]195,0,304.1371,399.0784,0.0870,-0.6060,0.0025,0.49514857,0.0865
[DATA]196,0,302.5637,398.8974,0.0816,-0.6112,0.0026,0.49512381,0.0878
[DATA]197,0,300.6344,398.7182,0.0750,-0.6178,0.0027,0.49509905,0.0811
[DATA]198,0,298.3438,398.5396,0.0672,0.0000,0.0028,0.49507430,0.0732
[DATA]199,0,295.6854,398.3654,0.0582,0.0000,0.0028,0.49504955,0.0577
[DATA]200,0,293.2771,398.1904,0.0502,0.0000,0.0028,0.49502479,0.0498
[DATA]201,0,289.2103,397.8444,0.0374,0.0000,0.0028,0.49500004,0.0370
[DATA]202,0,287.5520,397.6748,0.0325,0.0000,0.0028,0.49497529,0.0320
[DATA]203,0,286.1436,397.5088,0.0284,0.0000,0.0028,0.49495054,0.0279
[DATA]204,0,284.9853,397.3449,0.0251,0.0000,0.0028,0.49492580,0.0246
[DATA]205,0,284.9853,397.3449,0.0251,0.0000,0.0028,0.49490105,0.0246
[DATA]206,0,283.4186,397.0179,0.0211,-0.6760,0.0028,0.49487630,0.0206
[DATA]207,0,283.4186,397.0179,0.0211,0.0000,0.0028,0.49485156,0.0273
[DATA]208,0,283.4186,397.0179,0.0211,0.0000,0.0028,0.49482682,0.0206
[DATA]209,0,283.4186,397.0179,0.0211,0.0000,0.0028,0.49480208,0.0206
[DATA]210,0,283.4186,397.0179,0.0211,0.0000,0.0028,0.49477734,0.0206
[DATA]211,0,283.4186,397.0179,0.0211,0.0000,0.0028,0.49475260,0.0206
[DATA]212,0,283.4186,397.0179,0.0211,0.0000,0.0028,0.49472786,0.0206
[DATA]213,0,283.4186,397.0179,0.0211,0.0000,0.0028,0.49470312,0.0206
[DATA]214,0,283.4186,397.0179,0.0211,0.0000,0.0028,0.49467839,0.0206
[DATA]215,0,283.4186,397.0179,0.0211,-0.6760,0.0028,0.49465365,0.0206
[DATA]216,0,283.4186,397.0179,0.0211,0.0000,0.0028,0.49462892,0.0274
[DATA]217,0,283.4186,397.0179,0.0211,0.0000,0.0028,0.49460419,0.0206
[DATA]218,0,283.4186,397.0179,0.0211,0.0000,0.0028,0.49457946,0.0206
[DATA]219,0,283.4186,397.0179,0.0211,0.0000,0.0028,0.49455473,0.0206
[DATA]220,0,283.4186,397.0179,0.0211,0.0000,0.0028,0.49453000,0.0206
[DATA]221,0,283.4186,397.0179,0.0211,0.0000,0.0028,0.49450528,0.0206
[DATA]222,0,283.4186,397.0179,0.0211,-0.6760,0.0028,0.49448055,0.0206
[DATA]223,0,283.4186,397.0179,0.0211,0.0000,0.0029,0.49445583,0.0275
[DATA]224,0,283.4186,397.0179,0.0211,0.0000,0.0029,0.49443110,0.0206
[DATA]225,0,283.4186,397.0179,0.0211,0.0000,0.0029,0.49440638,0.0206
[DATA]226,0,283.4186,397.0179,0.0211,0.0000,0.0029,0.49438166,0.0206
[DATA]227,0,283.4186,397.0179,0.0211,-0.6760,0.0029,0.49435694,0.0206
[DATA]228,0,283.4186,397.0179,0.0211,0.0000,0.0029,0.49433223,0.0276
[DATA]229,0,283.4186,397.0179,0.0211,0.0000,0.0029,0.49430751,0.0206
[DATA]230,0,283.4186,397.0179,0.0211,0.0000,0.0029,0.49428279,0.0206
[DATA]231,0,283.4186,397.0179,0.0211,0.0000,0.0029,0.49425808,0.0206
[DATA]232,0,283.4186,397.0179,0.0211,-0.6760,0.0029,0.49423337,0.0206
[DATA]233,0,283.4186,397.0179,0.0211,0.0000,0.0029,0.49420866,0.0276
[DATA]234,0,283.4186,397.0179,0.0211,0.0000,0.0029,0.49418394,0.0206
[DATA]235,0,283.4186,397.0179,0.0211,0.0000,0.0029,0.49415924,0.0206
[DATA]236,0,283.4186,397.0179,0.0211,-0.6760,0.0029,0.49413453,0.0206
[DATA]237,0,283.4186,397.0179,0.0211,0.0000,0.0029,0.49410982,0.0276
[DATA]238,0,283.4186,397.0179,0.0211,-0.6760,0.0029,0.49408512,0.0206
[DATA]239,0,283.4186,397.0179,0.0211,0.0000,0.0030,0.49406041,0.0276
[DATA]240,0,283.4186,397.0179,0.0211,0.0000,0.0030,0.49403571,0.0206
[DATA]241,0,283.4186,397.0179,0.0211,0.0000,0.0030,0.49401101,0.0206
[DATA]242,0,283.4186,397.0179,0.0211,0.0000,0.0030,0.49398631,0.0206
[DATA]243,0,283.4186,397.0179,0.0211,0.0000,0.0030,0.49396161,0.0206
[DATA]244,0,283.4186,397.0179,0.0211,0.0000,0.0030,0.49393691,0.0206
[DATA]245,0,283.4186,397.0179,0.0211,-0.6760,0.0030,0.49391221,0.0206
[DATA]246,0,283.4186,397.0179,0.0211,0.0000,0.0030,0.49388752,0.0277
[DATA]247,0,283.4186,397.0179,0.0211,0.0000,0.0030,0.49386282,0.0206
[DATA]248,0,283.4186,397.0179,0.0211,0.0000,0.0030,0.49383813,0.0206
[DATA]249,0,283.4186,397.0179,0.0211,0.0000,0.0030,0.49381344,0.0206
[DATA]250,0,283.4186,397.0179,0.0211,0.0000,0.0030,0.49378875,0.0206
[DATA]251,0,283.4186,397.0179,0.0211,0.0000,0.0030,0.49376406,0.0206
[DATA]252,0,283.4186,397.0179,0.0211,-0.6760,0.0030,0.49373937,0.0206
[DATA]253,0,283.4186,397.0179,0.0211,-0.6760,0.0030,0.49371468,0.0278
[DATA]254,0,283.4186,397.0179,0.0211,0.0000,0.0031,0.49369000,0.0278
[DATA]255,0,283.4186,397.0179,0.0211,0.0000,0.0031,0.49366531,0.0206

Controller: HOOK!

Controller: HOOK!

Controller: HOOK!

Controller: HOOK!

Controller: HOOK!

Controller: HOOK!

Controller: HOOK!

Controller: HOOK!

Controller: HOOK!

Controller: HOOK!

Controller: HOOK!

Controller: HOOK!

Controller: HOOK!

Controller: HOOK!

Controller: HOOK!

Controller: HOOK!

Controller: HOOK!

Controller: HOOK!

Controller: HOOK!

Controller: HOOK!

Controller: HOOK!

Controller: HOOK!

Controller: HOOK!

Controller: HOOK!

Controller: HOOK!

Controller: HOOK!

Controller: HOOK!

Controller: HOOK!

Controller: HOOK!

Controller: HOOK!

Controller: HOOK!

Controller: HOOK!

Controller: HOOK!

Controller: HOOK!

Controller: HOOK!

Controller: HOOK!

Controller: HOOK!

Controller: HOOK!

Controller: HOOK!

Controller: HOOK!

Controller: HOOK!

Controller: HOOK!

Controller: HOOK!

Controller: HOOK!

Controller: HOOK!

Controller: HOOK!

Controller: HOOK!

Controller: HOOK!

Controller: HOOK!

Controller: HOOK!

Controller: HOOK!

Controller: HOOK!

Controller: HOOK!

Controller: HOOK!

Controller: HOOK!

Controller: HOOK!

Controller: HOOK!

Controller: HOOK!
[DATA]1,1,520.0000,508.0000,0.8869,0.0000,0.0321,0.49364063,0.0206
[DATA]2,1,520.0000,508.0000,0.8869,-0.2945,0.0321,0.49361595,0.9110
[DATA]3,1,520.0000,508.0000,0.8869,-0.2945,0.0330,0.49359126,0.8853
[DATA]4,1,520.0000,508.0000,0.8869,-0.2945,0.0338,0.49356659,0.8853
[DATA]5,1,520.0000,508.0000,0.8869,-0.2945,0.0347,0.49354191,0.8852
[DATA]6,1,520.0000,508.0000,0.8869,-0.2945,0.0356,0.49351723,0.8852
[DATA]7,1,520.0000,508.0000,0.8869,-0.2945,0.0365,0.49349255,0.8851
[DATA]8,1,520.0000,508.0000,0.8869,-0.2944,0.0374,0.49346788,0.8851
[DATA]9,1,520.0000,508.0000,0.8869,-0.2944,0.0383,0.49344321,0.8851
[DATA]10,1,520.0000,508.0000,0.8869,-0.2944,0.0392,0.49341853,0.8850
[DATA]11,1,520.0000,508.0000,0.8869,-0.2944,0.0400,0.49339386,0.8850
[DATA]12,1,520.0000,508.0000,0.8869,-0.2944,0.0409,0.49336919,0.8849
[DATA]13,1,520.0000,508.0000,0.8869,-0.2944,0.0418,0.49334452,0.8849
[DATA]14,1,520.0000,508.0000,0.8869,0.0000,0.0427,0.49331986,0.8848
[DATA]15,1,520.0000,508.0000,0.8869,-0.2944,0.0427,0.49329519,0.9202
[DATA]16,1,520.0000,508.0000,0.8869,0.0000,0.0436,0.49327053,0.8848
[DATA]17,1,520.0000,508.0000,0.8869,-0.2943,0.0436,0.49324586,0.9201
[DATA]18,1,520.0000,508.0000,0.8869,-0.2943,0.0445,0.49322120,0.8847
[DATA]19,1,520.0000,508.0000,0.8869,-0.2943,0.0454,0.49319654,0.8847
[DATA]20,1,520.0000,508.0000,0.8869,-0.2943,0.0462,0.49317188,0.8847
[DATA]21,1,520.0000,508.0000,0.8869,0.0000,0.0471,0.49314722,0.8846
[DATA]22,1,515.1450,507.7731,0.9289,0.0000,0.0471,0.49312256,0.9645
[DATA]23,1,510.4400,507.3253,0.9693,-0.2610,0.0471,0.49309791,1.0040
[DATA]24,1,501.2190,505.9803,0.9535,-0.2671,0.0481,0.49307325,0.9511
[DATA]25,1,496.4420,505.1732,0.9164,-0.2820,0.0490,0.49304860,0.9140
[DATA]26,1,496.4420,505.1732,0.9164,-0.2820,0.0499,0.49302395,0.9139
[DATA]27,1,486.8218,503.3668,0.8475,-0.3113,0.0507,0.49299930,0.8450
[DATA]28,1,486.8218,503.3668,0.8475,0.0000,0.0516,0.49297465,0.8450
[DATA]29,1,477.3557,501.3870,0.7864,0.0000,0.0011,0.49295000,0.7834
[DATA]30,1,472.9976,500.3289,0.7609,-0.3525,0.0011,0.49292535,0.7604
[DATA]31,1,468.8895,499.2524,0.4381,0.0000,0.0016,0.49290070,0.4459
[DATA]32,1,464.6789,498.1359,0.4156,0.0000,0.0016,0.49287606,0.4152
[DATA]33,1,460.7183,497.0292,0.3955,-0.3861,0.0016,0.49285141,0.3950
[DATA]34,1,457.0077,495.9027,0.3778,0.0000,0.0020,0.49282677,0.3858
[DATA]35,1,453.1610,494.7788,0.3596,0.0000,0.0020,0.49280213,0.3591
[DATA]36,1,449.5643,493.6438,0.3435,-0.4153,0.0020,0.49277749,0.3430
[DATA]37,1,446.2176,492.5396,0.3293,0.0000,0.0023,0.49275285,0.3376
[DATA]38,1,442.7057,491.4433,0.3142,0.0000,0.0023,0.49272821,0.3137
[DATA]39,1,439.4437,490.1399,0.3023,-0.4401,0.0031,0.49270358,0.3009
[DATA]40,1,436.4317,488.6694,0.2931,0.0000,0.0034,0.49267894,0.2998
[DATA]41,1,433.2297,486.9980,0.2841,-0.4516,0.0034,0.49265431,0.2836
[DATA]42,1,430.2777,485.2262,0.2772,0.0000,0.0036,0.49262968,0.2839
[DATA]43,1,427.1241,483.3540,0.2699,0.0000,0.0036,0.49260504,0.2694
[DATA]44,1,424.2204,481.4378,0.2643,0.0000,0.0036,0.49258041,0.2638
[DATA]45,1,421.5668,479.4727,0.2604,0.0000,0.0036,0.49255579,0.2599
[DATA]46,1,419.1632,477.4680,0.2582,-0.4686,0.0036,0.49253116,0.2576
[DATA]47,1,417.0095,475.4167,0.2576,0.0000,0.0039,0.49250653,0.2650
[DATA]48,1,414.6374,473.3174,0.2561,0.0000,0.0039,0.49248191,0.2555
[DATA]49,1,412.5152,471.2093,0.2560,0.0000,0.0039,0.49245728,0.2554
[DATA]50,1,410.6430,469.1293,0.2572,0.0000,0.0039,0.49243266,0.2566
[DATA]51,1,409.0208,467.0364,0.2598,0.0000,0.0039,0.49240804,0.2592
[DATA]52,1,407.6486,464.9283,0.2639,0.0000,0.0039,0.49238342,0.2633
[DATA]53,1,406.5264,462.8028,0.2696,0.0000,0.0039,0.49235880,0.2690
[DATA]54,1,405.6542,460.7334,0.2765,-0.4565,0.0039,0.49233418,0.2758
[DATA]55,1,405.0320,458.6898,0.2847,0.0000,0.0042,0.49230956,0.2936
[DATA]56,1,404.2033,456.6791,0.2917,0.0000,0.0042,0.49228495,0.2910
[DATA]57,1,403.6246,454.6951,0.3001,-0.4415,0.0042,0.49226033,0.2994
[DATA]58,1,403.2959,452.7551,0.3098,0.0000,0.0023,0.49223572,0.3165
[DATA]59,1,402.7758,450.8508,0.3183,0.0000,0.0023,0.49221111,0.3177
[DATA]60,1,402.5056,448.9261,0.3286,-0.4240,0.0023,0.49218650,0.3280
[DATA]61,1,402.4855,446.9849,0.3408,0.0000,0.0026,0.49216189,0.3500
[DATA]62,1,402.2913,445.0205,0.3523,0.0000,0.0026,0.49213728,0.3517
[DATA]63,1,402.3471,443.0944,0.3653,-0.4028,0.0026,0.49211267,0.3647
[DATA]64,1,402.6529,441.2206,0.3800,-0.3946,0.0030,0.49208807,0.3895
[DATA]65,1,402.8060,439.3383,0.3940,0.0000,0.0034,0.49206346,0.4031
[DATA]66,1,402.8144,437.4970,0.4069,0.0000,0.0034,0.49203886,0.4063
[DATA]67,1,403.0729,435.6992,0.4216,-0.3723,0.0034,0.49201426,0.4210
[DATA]68,1,403.5813,433.9111,0.4384,0.0000,0.0039,0.49198966,0.4479
[DATA]69,1,405.3482,430.4066,0.7783,-0.3439,0.0039,0.49196506,0.7777
[DATA]70,1,406.6067,428.6594,0.8021,-0.3326,0.0047,0.49194046,0.8119
[DATA]71,1,407.7712,426.9277,0.8257,-0.3211,0.0516,0.49191586,0.8700
[DATA]72,1,408.8532,425.2421,0.8488,-0.3107,0.0524,0.49189127,0.8463
[DATA]73,1,409.8640,423.5938,0.8717,-0.3007,0.0533,0.49186667,0.8691
[DATA]74,1,410.8142,421.9292,0.8948,-0.2909,0.0542,0.49184208,0.8921
[DATA]75,1,411.7138,420.2921,0.9178,-0.2813,0.0551,0.49181749,0.9151
[DATA]76,1,412.5724,418.6737,0.9408,0.0000,0.0560,0.49179290,0.9381
[DATA]77,1,413.3997,417.0954,0.9637,-0.2630,0.0560,0.49176831,1.0051
[DATA]78,1,413.3997,417.0954,0.9637,-0.2630,0.0570,0.49174372,0.9609
[DATA]79,1,415.2413,413.9969,0.9876,0.0000,0.0580,0.49171913,0.9848
[DATA]80,1,415.9925,412.4807,0.9655,-0.2623,0.0580,0.49169454,1.0077
[DATA]81,1,416.8938,411.0022,0.9428,-0.2712,0.0589,0.49166996,0.9399
[DATA]82,1,417.6828,409.5245,0.9217,0.0000,0.0599,0.49164538,0.9187
[DATA]83,1,418.3506,408.0300,0.9019,-0.2878,0.0599,0.49162079,0.9449
[DATA]84,1,419.1684,406.5291,0.8813,-0.2965,0.0607,0.49159621,0.8783
[DATA]85,1,419.8484,405.0746,0.8627,-0.3045,0.0616,0.49157163,0.8596
[DATA]86,1,420.3818,403.6196,0.8457,0.0000,0.0624,0.49154705,0.8426
[DATA]87,1,420.7608,402.1642,0.8303,0.0000,0.0624,0.49152248,0.8748
[DATA]88,1,421.2899,400.6979,0.8139,0.0000,0.0067,0.49149790,0.8046
[DATA]89,1,421.9689,399.2334,0.7966,-0.3352,0.0067,0.49147333,0.8011
[DATA]90,1,422.7979,397.8200,0.7790,0.0000,0.0075,0.49144875,0.7786
[DATA]91,1,423.4417,396.3978,0.7630,-0.3513,0.0075,0.49142418,0.7674
[DATA]92,1,424.2356,395.0166,0.7466,-0.3594,0.0083,0.49139961,0.7463
[DATA]93,1,424.8282,393.6403,0.4321,0.0000,0.0087,0.49137504,0.4317
[DATA]94,1,425.2113,392.2830,0.4194,0.0000,0.0087,0.49135047,0.4242
[DATA]95,1,425.7444,390.9290,0.4060,-0.3804,0.0087,0.49132590,0.4103
[DATA]96,1,426.4275,389.5711,0.3917,-0.3881,0.0091,0.49130134,0.3913
[DATA]97,1,426.8802,388.2456,0.3795,-0.3947,0.0095,0.49127677,0.3791
[DATA]98,1,427.0948,386.9295,0.3692,-0.4005,0.0098,0.49125221,0.3687
[DATA]99,1,427.0646,385.6298,0.3608,-0.4052,0.0102,0.49122765,0.3603
[DATA]100,1,426.7840,384.3543,0.3542,-0.4090,0.0105,0.49120308,0.3537
[DATA]101,1,426.2482,383.0956,0.3495,0.0000,0.0109,0.49117852,0.3490
[DATA]102,1,425.4534,381.9678,0.3474,-0.4129,0.0109,0.49115396,0.3534
[DATA]103,1,424.8086,380.9447,0.3449,-0.4143,0.0112,0.49112941,0.3444
[DATA]104,1,423.9009,380.0062,0.3447,-0.4144,0.0116,0.49110485,0.3442
[DATA]105,1,422.7289,379.1422,0.3467,0.0000,0.0119,0.49108030,0.3461
[DATA]106,1,421.2924,378.3323,0.3508,-0.4109,0.0119,0.49105574,0.3574
[DATA]107,1,418.4586,376.8201,0.3594,-0.4060,0.0123,0.49103119,0.3588
[DATA]108,1,416.6504,376.1088,0.3667,-0.4018,0.0127,0.49100664,0.3661
[DATA]109,1,414.5861,375.3909,0.3757,-0.3968,0.0130,0.49098209,0.3751
[DATA]110,1,412.2700,374.6693,0.3866,-0.3908,0.0134,0.49095754,0.3859
[DATA]111,1,409.7072,373.9397,0.3993,-0.3839,0.0138,0.49093299,0.3986
[DATA]112,1,406.9035,373.2193,0.4140,0.0000,0.0142,0.49090844,0.4133
[DATA]113,1,403.8659,372.4905,0.4307,0.0000,0.0142,0.49088390,0.4392
[DATA]114,1,400.9783,371.7548,0.7466,0.0000,0.0142,0.49085935,0.7546
[DATA]115,1,398.2407,371.0269,0.7617,-0.3518,0.0142,0.49083481,0.7690
[DATA]116,1,395.6531,370.2900,0.7760,-0.3449,0.0150,0.49081027,0.7753
[DATA]117,1,392.8637,369.5580,0.7921,-0.3372,0.0158,0.49078573,0.7914
[DATA]118,1,389.8793,368.8349,0.8102,-0.3287,0.0166,0.49076119,0.8094
[DATA]119,1,386.7079,368.1302,0.8305,-0.3187,0.0624,0.49073665,0.8732
[DATA]120,1,383.3577,367.4350,0.8528,0.0000,0.0633,0.49071211,0.8497
[DATA]121,1,379.8388,366.7604,0.8774,-0.2981,0.0633,0.49068758,0.9210
[DATA]122,1,376.4699,366.0893,0.9014,0.0000,0.0642,0.49066304,0.8982
[DATA]123,1,372.9530,365.4239,0.9275,-0.2773,0.0642,0.49063851,0.9710
[DATA]124,1,369.5860,364.7588,0.9529,-0.2671,0.0651,0.49061398,0.9497
[DATA]125,1,366.0918,364.1078,0.9804,-0.2564,0.0661,0.49058945,0.9771
[DATA]126,1,362.4804,363.4556,0.9903,-0.2527,0.0671,0.49056492,0.9870
[DATA]127,1,358.7626,362.8098,0.9603,-0.2642,0.0681,0.49054039,0.9570
[DATA]128,1,354.9421,362.1678,0.9303,-0.2761,0.0690,0.49051586,0.9269
[DATA]129,1,351.1075,361.5381,0.9009,-0.2881,0.0699,0.49049134,0.8975
[DATA]130,1,347.2468,360.9076,0.8723,-0.3002,0.0707,0.49046681,0.8688
[DATA]131,1,343.3481,360.2807,0.8442,-0.3124,0.0716,0.49044229,0.8407
[DATA]132,1,339.3991,359.6717,0.8165,0.0000,0.0056,0.49041777,0.7586
[DATA]133,1,335.3878,359.0677,0.7891,0.0000,0.0056,0.49039325,0.7884
[DATA]134,1,331.6264,358.4805,0.7645,0.0000,0.0056,0.49036873,0.7637
[DATA]135,1,324.8537,357.3055,0.4229,-0.3716,0.0056,0.49034421,0.4221
[DATA]136,1,321.8424,356.7198,0.4056,0.0000,0.0060,0.49031969,0.4156
[DATA]137,1,318.7094,356.1370,0.3878,-0.3903,0.0060,0.49029518,0.3870
[DATA]138,1,315.8265,355.5643,0.3721,0.0000,0.0064,0.49027066,0.3820
[DATA]139,1,312.8032,355.0052,0.3557,0.0000,0.0064,0.49024615,0.3549
[DATA]140,1,310.0300,354.4452,0.3414,0.0000,0.0064,0.49022163,0.3405
[DATA]141,1,307.5068,353.8895,0.3289,0.0000,0.0064,0.49019712,0.3280
[DATA]142,1,305.2335,353.3336,0.3182,-0.4303,0.0064,0.49017261,0.3173
[DATA]143,1,303.2103,352.7965,0.3090,0.0000,0.0067,0.49014811,0.3199
[DATA]144,1,301.0068,352.2774,0.2989,0.0000,0.0045,0.49012360,0.2940
[DATA]145,1,299.0533,351.7701,0.2903,0.0000,0.0045,0.49009909,0.2896
[DATA]146,1,297.3499,351.2566,0.2833,-0.4521,0.0045,0.49007459,0.2826
[DATA]147,1,295.8964,350.7444,0.2778,0.0000,0.0048,0.49005008,0.2871
[DATA]148,1,294.2408,350.2475,0.2712,-0.4600,0.0048,0.49002558,0.2704
[DATA]149,1,292.8352,349.7574,0.2660,-0.4634,0.0051,0.49000108,0.2753
[DATA]150,1,291.2197,349.2819,0.2595,0.0000,0.0053,0.48997658,0.2686
[DATA]151,1,289.3908,348.4627,0.2539,0.0000,0.0053,0.48995208,0.2532
[DATA]152,1,287.8118,347.4105,0.2510,0.0000,0.0053,0.48992758,0.2503
[DATA]153,1,286.4829,346.1616,0.2506,0.0000,0.0053,0.48990309,0.2498
[DATA]154,1,285.4040,344.6994,0.2527,0.0000,0.0053,0.48987859,0.2519
[DATA]155,1,284.5751,343.1324,0.2568,0.0000,0.0053,0.48985410,0.2560
[DATA]156,1,283.9962,341.4286,0.2631,0.0000,0.0053,0.48982960,0.2623
[DATA]157,1,283.6672,339.6624,0.2712,0.0000,0.0053,0.48980511,0.2704
[DATA]158,1,283.5883,337.8459,0.2812,0.0000,0.0053,0.48978062,0.2804
[DATA]159,1,283.7594,336.0176,0.2930,0.0000,0.0053,0.48975613,0.2921
[DATA]160,1,284.1805,334.1717,0.3066,0.0000,0.0067,0.48973165,0.3069
[DATA]161,1,284.8516,332.2556,0.3225,-0.4277,0.0067,0.48970716,0.3216
[DATA]162,1,285.7726,330.3474,0.3403,0.0000,0.0070,0.48968267,0.3515
[DATA]163,1,286.5161,328.4202,0.3577,0.0000,0.0070,0.48965819,0.3567
[DATA]164,1,287.5095,326.4820,0.3772,0.0000,0.0070,0.48963371,0.3763
[DATA]165,1,288.7529,324.5899,0.3988,0.0000,0.0070,0.48960923,0.3978
[DATA]166,1,290.2463,322.6795,0.4230,-0.3715,0.0070,0.48958474,0.4220
[DATA]167,1,291.9898,320.7398,0.7501,0.0000,0.0078,0.48956027,0.7624
[DATA]168,1,293.6117,318.7911,0.7774,0.0000,0.0078,0.48953579,0.7764
[DATA]169,1,297.6055,314.8739,0.8414,-0.3137,0.0723,0.48951131,0.8891
[DATA]170,1,297.6055,314.8739,0.8414,-0.3137,0.0732,0.48948684,0.8378
[DATA]171,1,302.2856,311.1447,0.9152,-0.2821,0.0741,0.48946236,0.9116
[DATA]172,1,304.5302,309.3585,0.9529,-0.2670,0.0750,0.48943789,0.9492
[DATA]173,1,306.6426,307.6220,0.9903,-0.2525,0.0760,0.48941342,0.9865
[DATA]174,1,308.6381,305.8952,0.9729,0.0000,0.0770,0.48938895,0.9691
[DATA]175,1,310.5311,304.1872,0.9385,-0.2726,0.0770,0.48936448,0.9933
[DATA]176,1,312.5740,302.5142,0.9043,-0.2866,0.0779,0.48934001,0.9004
[DATA]177,1,314.4943,300.8565,0.8725,-0.3000,0.0788,0.48931554,0.8686
[DATA]178,1,316.2781,299.2276,0.8432,-0.3127,0.0796,0.48929107,0.8393
[DATA]179,1,317.9120,297.5827,0.8160,-0.3260,0.0175,0.48926661,0.7530
[DATA]180,1,319.3830,295.9405,0.7910,0.0000,0.0183,0.48924215,0.7902
[DATA]181,1,320.6781,294.3114,0.7682,0.0000,0.0183,0.48921768,0.7786
[DATA]182,1,322.1232,292.6856,0.7450,-0.3601,0.0183,0.48919322,0.7545
[DATA]183,1,323.7183,291.0960,0.4216,-0.3721,0.0187,0.48916876,0.4207
[DATA]184,1,325.1033,289.5327,0.4007,0.0000,0.0191,0.48914431,0.3997
[DATA]185,1,326.2662,288.0026,0.3821,-0.3932,0.0191,0.48911985,0.3916
[DATA]186,1,327.5791,286.4841,0.3630,-0.4038,0.0194,0.48909539,0.3621
[DATA]187,1,328.6488,284.9812,0.3462,0.0000,0.0198,0.48907094,0.3452
[DATA]188,1,329.4647,283.5117,0.3316,-0.4220,0.0198,0.48904648,0.3414
[DATA]189,1,330.4306,282.0545,0.3165,0.0000,0.0201,0.48902203,0.3155
[DATA]190,1,331.1245,280.6043,0.3034,0.0000,0.0024,0.48899758,0.3002
[DATA]191,1,331.9684,279.1658,0.2898,0.0000,0.0024,0.48897313,0.2894
[DATA]192,1,332.9622,277.7570,0.2758,-0.4570,0.0024,0.48894868,0.2754
[DATA]193,1,334.1061,276.3550,0.2613,0.0000,0.0027,0.48892423,0.2655
[DATA]194,1,334.9430,274.9455,0.2488,0.0000,0.0027,0.48889979,0.2485
[DATA]195,1,335.9299,273.5521,0.2359,0.0000,0.0027,0.48887534,0.2356
[DATA]196,1,337.0668,272.1494,0.2225,0.0000,0.0027,0.48885090,0.2221
[DATA]197,1,338.4537,270.7704,0.2082,-0.5038,0.0027,0.48882646,0.2078
[DATA]198,1,340.0906,269.4264,0.1933,-0.5149,0.0029,0.48880202,0.1981
[DATA]199,1,341.4737,268.0976,0.1801,0.0000,0.0031,0.48877758,0.1847
[DATA]200,1,342.5919,266.8063,0.1687,0.0000,0.0031,0.48875314,0.1683
[DATA]201,1,343.9600,265.5141,0.1564,0.0000,0.0031,0.48872870,0.1560
[DATA]202,1,345.5782,264.2595,0.1434,0.0000,0.0031,0.48870426,0.1430
[DATA]203,1,347.4463,262.9994,0.1298,-0.5666,0.0031,0.48867983,0.1294
[DATA]204,1,349.5645,261.7436,0.1155,0.0000,0.0032,0.48865539,0.1205
[DATA]205,1,351.3661,260.5048,0.1031,0.0000,0.0032,0.48863096,0.1027
[DATA]206,1,353.4176,259.2717,0.0901,0.0000,0.0032,0.48860653,0.0896
[DATA]207,1,358.2707,256.8506,0.0627,-0.6303,0.0032,0.48858210,0.0623
[DATA]208,1,361.0722,255.6392,0.0484,0.0000,0.0033,0.48855767,0.0535
[DATA]209,1,363.4935,254.4491,0.0361,0.0000,0.0033,0.48853324,0.0356
[DATA]210,1,366.1648,253.2550,0.0233,0.0000,0.0033,0.48850882,0.0229
[DATA]211,1,369.0860,252.0716,0.0103,0.0000,0.0033,0.48848439,0.0099
[DATA]212,1,372.2573,250.9307,-0.0028,0.0000,0.0033,0.48845997,-0.0032
[DATA]213,1,375.6786,249.7952,-0.0160,0.0000,0.0033,0.48843554,-0.0165
[DATA]214,1,379.3498,248.6893,-0.0293,0.0000,0.0033,0.48841112,-0.0297
[DATA]215,1,383.2711,247.6093,-0.0425,0.0000,0.0033,0.48838670,-0.0429
[DATA]216,1,387.4423,246.5582,-0.0556,0.0000,0.0033,0.48836228,-0.0560
[DATA]217,1,391.8636,245.5322,-0.0685,0.0000,0.0033,0.48833786,-0.0690
[DATA]218,1,396.5349,244.4935,-0.0814,0.0000,0.0033,0.48831345,-0.0818
[DATA]219,1,401.4561,243.4759,-0.0940,0.0000,0.0033,0.48828903,-0.0944
[DATA]220,1,406.6274,242.4695,-0.1063,0.0000,0.0033,0.48826462,-0.1067
[DATA]221,1,412.0487,241.4875,-0.1183,0.0000,0.0033,0.48824020,-0.1188
[DATA]222,1,417.7199,240.5117,-0.1300,0.0000,0.0033,0.48821579,-0.1304
[DATA]223,1,423.6412,239.5450,-0.1413,-0.9403,0.0033,0.48819138,-0.1417
[DATA]224,1,429.8125,238.5728,-0.1523,0.0000,0.0031,0.48816697,-0.1480
[DATA]225,1,435.2934,237.6091,-0.1615,0.0000,0.0031,0.48814256,-0.1619
[DATA]226,1,441.0244,236.6482,-0.1705,0.0000,0.0031,0.48811815,-0.1708
[DATA]227,1,447.0053,235.6959,-0.1791,0.0000,0.0031,0.48809375,-0.1795
[DATA]228,1,453.2363,234.7564,-0.1875,0.0000,0.0031,0.48806934,-0.1879
[DATA]229,1,459.7172,233.8079,-0.1956,0.0000,0.0031,0.48804494,-0.1959
[DATA]230,1,466.4482,232.8793,-0.2033,-1.1258,0.0031,0.48802054,-0.2036
[DATA]231,1,473.4292,231.9738,-0.2106,-1.1554,0.0029,0.48799614,-0.2072
[DATA]232,1,479.5343,231.0681,-0.2166,0.0000,0.0027,0.48797174,-0.2131
[DATA]233,1,484.7340,230.1723,-0.2216,0.0000,0.0027,0.48794734,-0.2219
[DATA]234,1,490.1837,229.2699,-0.2264,0.0000,0.0027,0.48792294,-0.2267
[DATA]235,1,495.8834,228.3645,-0.2311,-1.2532,0.0027,0.48789855,-0.2314
[DATA]236,1,501.8331,227.4749,-0.2357,0.0000,0.0025,0.48787415,-0.2325
[DATA]237,1,506.7796,226.6101,-0.2393,0.0000,0.0025,0.48784976,-0.2396
[DATA]238,1,511.9762,225.7717,-0.2428,-1.3232,0.0025,0.48782536,-0.2431
[DATA]239,1,520.0000,224.1038,-0.2481,0.0000,0.0022,0.48780097,-0.2452
[DATA]240,1,516.0112,223.2968,-0.2465,0.0000,0.0022,0.48777658,-0.2467
[DATA]241,1,512.2725,222.5084,-0.2448,-1.3366,0.0022,0.48775219,-0.2451
[DATA]242,1,508.7837,221.7288,-0.2433,-1.3264,0.0020,0.48772781,-0.2407
[DATA]243,1,504.2083,220.9512,-0.2411,0.0000,0.0017,0.48770342,-0.2382
[DATA]244,1,498.5566,220.1911,-0.2382,-1.2938,0.0017,0.48767904,-0.2384
[DATA]245,1,493.1547,219.4291,-0.2353,-1.2764,0.0015,0.48765465,-0.2323
[DATA]246,1,486.7091,218.6846,-0.2315,0.0000,0.0013,0.48763027,-0.2283
[DATA]247,1,479.2371,217.9313,-0.2267,0.0000,0.0013,0.48760589,-0.2269
[DATA]248,1,472.0150,217.1968,-0.2218,-1.2055,0.0013,0.48758151,-0.2220
[DATA]249,1,465.0429,216.4719,-0.2167,0.0000,0.0011,0.48755713,-0.2138
[DATA]250,1,465.0429,216.4719,-0.2167,-1.1821,0.0011,0.48753275,-0.2170
[DATA]251,1,465.0429,216.4719,-0.2167,0.0000,0.0008,0.48750837,-0.2138
[DATA]252,1,465.0429,216.4719,-0.2167,0.0000,0.0008,0.48748400,-0.2169
[DATA]253,1,465.0429,216.4719,-0.2167,0.0000,0.0008,0.48745962,-0.2169
[DATA]254,1,465.0429,216.4719,-0.2167,0.0000,0.0008,0.48743525,-0.2169
[DATA]255,1,465.0429,216.4719,-0.2167,0.0000,0.0008,0.48741088,-0.2169
[DATA]256,1,465.0429,216.4719,-0.2167,0.0000,0.0008,0.48738651,-0.2169
[DATA]257,1,465.0429,216.4719,-0.2167,0.0000,0.0008,0.48736214,-0.2169
[DATA]258,1,465.0429,216.4719,-0.2167,0.0000,0.0008,0.48733777,-0.2169
[DATA]259,1,465.0429,216.4719,-0.2167,-1.1821,0.0008,0.48731340,-0.2169
[DATA]260,1,465.0429,216.4719,-0.2167,0.0000,0.0006,0.48728904,-0.2152
[DATA]261,1,465.0429,216.4719,-0.2167,0.0000,0.0006,0.48726467,-0.2169
[DATA]262,1,465.0429,216.4719,-0.2167,-1.1821,0.0006,0.48724031,-0.2168
[DATA]263,1,465.0429,216.4719,-0.2167,0.0000,0.0004,0.48721595,-0.2154
[DATA]264,1,465.0429,216.4719,-0.2167,0.0000,0.0004,0.48719159,-0.2168
[DATA]265,1,465.0429,216.4719,-0.2167,0.0000,0.0004,0.48716723,-0.2168
[DATA]266,1,465.0429,216.4719,-0.2167,0.0000,0.0004,0.48714287,-0.2168
[DATA]267,1,465.0429,216.4719,-0.2167,-1.1821,0.0004,0.48711851,-0.2168
[DATA]268,1,465.0429,216.4719,-0.2167,0.0000,0.0002,0.48709416,-0.2160
[DATA]269,1,465.0429,216.4719,-0.2167,0.0000,0.0002,0.48706980,-0.2168
[DATA]270,1,465.0429,216.4719,-0.2167,0.0000,0.0002,0.48704545,-0.2168
[DATA]271,1,465.0429,216.4719,-0.2167,0.0000,0.0002,0.48702110,-0.2168
[DATA]272,1,465.0429,216.4719,-0.2167,0.0000,0.0002,0.48699675,-0.2168
[DATA]273,1,465.0429,216.4719,-0.2167,-1.1821,0.0002,0.48697240,-0.2168
[DATA]274,1,465.0429,216.4719,-0.2167,-1.1821,-0.0000,0.48694805,-0.2167
[DATA]275,1,465.0429,216.4719,-0.2167,0.0000,-0.0002,0.48692370,-0.2166
[DATA]276,1,465.0429,216.4719,-0.2167,0.0000,-0.0002,0.48689935,-0.2167
[DATA]277,1,465.0429,216.4719,-0.2167,0.0000,-0.0002,0.48687501,-0.2167
[DATA]278,1,465.0429,216.4719,-0.2167,-1.1821,-0.0002,0.48685066,-0.2166
[DATA]279,1,465.0429,216.4719,-0.2167,-1.1821,-0.0005,0.48682632,-0.2167
[DATA]280,1,465.0429,216.4719,-0.2167,0.0000,-0.0007,0.48680198,-0.2167
[DATA]281,1,465.0429,216.4719,-0.2167,-1.1821,-0.0007,0.48677764,-0.2167
[DATA]282,1,465.0429,216.4719,-0.2167,0.0000,-0.0009,0.48675330,-0.2167
[DATA]283,1,465.0429,216.4719,-0.2167,0.0000,-0.0009,0.48672896,-0.2167
[DATA]284,1,465.0429,216.4719,-0.2167,-1.1821,-0.0009,0.48670463,-0.2166
[DATA]285,1,465.0429,216.4719,-0.2167,-1.1821,-0.0011,0.48668029,-0.2167
[DATA]286,1,465.0429,216.4719,-0.2167,-1.1821,-0.0013,0.48665596,-0.2167
[DATA]287,1,465.0429,216.4719,-0.2167,0.0000,-0.0015,0.48663163,-0.2165
[DATA]288,1,465.0429,216.4719,-0.2167,-1.1821,-0.0015,0.48660729,-0.2167
[DATA]289,1,465.0429,216.4719,-0.2167,0.0000,-0.0018,0.48658296,-0.2165
[DATA]290,1,465.0429,216.4719,-0.2167,0.0000,-0.0018,0.48655863,-0.2167
[DATA]291,1,465.0429,216.4719,-0.2167,0.0000,-0.0018,0.48653431,-0.2167
[DATA]292,1,465.0429,216.4719,-0.2167,-1.1821,-0.0018,0.48650998,-0.2166
[DATA]293,1,465.0429,216.4719,-0.2167,-1.1821,-0.0020,0.48648565,-0.2166
[DATA]294,1,465.0429,216.4719,-0.2167,0.0000,-0.0022,0.48646133,-0.2166
[DATA]295,1,465.0429,216.4719,-0.2167,-1.1821,-0.0022,0.48643701,-0.2166
[DATA]296,1,465.0429,216.4719,-0.2167,0.0000,-0.0024,0.48641268,-0.2166
[DATA]297,1,465.0429,216.4719,-0.2167,-1.1821,-0.0024,0.48638836,-0.2166
[DATA]298,1,465.0429,216.4719,-0.2167,0.0000,-0.0026,0.48636404,-0.2166
